# callgrind format
version: 1
creator: callgrind-3.15.0
pid: 24278
cmd:  ./step-9
part: 1


desc: I1 cache: 
desc: D1 cache: 
desc: LL cache: 

desc: Timerange: Basic block 0 - 10067
desc: Trigger: Program termination

positions: instr line
events: Ir
summary: 37982


ob=(2) ???
fl=(18) ???
fn=(40) 0x00000000040010c0
0x40010c0 0 3
+4 0 3
cob=(1) /usr/lib/x86_64-linux-gnu/ld-2.31.so
cfi=(19) /build/glibc-SzIz7B/glibc-2.31/elf/dl-minimal.c
cfn=(42) calloc
calls=3 0x1d5c0 92 
* 0 154

fn=(94) 0x0000000004001080
0x4001080 0 8
+4 0 8
cob=(1)
cfi=(19)
cfn=(96) free
calls=8 0x1d600 109 
* 0 40

fn=(110) 0x00000000040010f0
0x40010f0 0 1
+4 0 1
cob=(1)
cfi=(37) /build/glibc-SzIz7B/glibc-2.31/elf/dl-error-skeleton.c
cfn=(112) _dl_catch_error
calls=1 0x1dd40 225 
* 0 2928

fn=(44) 0x00000000040010a0
0x40010a0 0 23
+4 0 23
cob=(1)
cfi=(19)
cfn=(46) malloc
calls=23 0x1d4a0 49 
* 0 621

fn=(114) 0x0000000004001090
0x4001090 0 3
+4 0 3
cob=(1)
cfi=(37)
cfn=(116) _dl_catch_exception
calls=3 0x1dc50 175 
* 0 9624

ob=(1)
fl=(44) /build/glibc-SzIz7B/glibc-2.31/misc/../sysdeps/unix/sysv/linux/mmap64.c
fn=(138) mmap
0x1f160 48 8
+4 +3 8
+7 * 8
+2 -3 8
+1 * 8
+3 * 8
+1 * 8
+2 +6 8
+3 * 8
jcnd=3/8 +57 * 
* * 
+2 +5 8
+3 * 8
+3 * 8
+5 * 8
+2 * 8
+6 * 8
+2 +2 8
+1 * 8
+1 * 8
+32 -7 3
+3 * 3
jcnd=2/3 -58 +5 
* * 
+2 * 1
+7 * 1
jcnd=1/1 -67 +5 
* * 

fl=(15) /build/glibc-SzIz7B/glibc-2.31/elf/../misc/sbrk.c
fn=(32) sbrk
0x1df90 32 1
+4 * 1
+2 * 1
+1 * 1
+3 * 1
+4 +8 1
+7 * 1
+3 * 1
+2 * 1
+6 * 1
+2 * 1
+2 +4 1
+3 * 1
jcnd=1/1 +34 +16 
* * 
+34 +16 1
+4 * 1
+3 * 1
+1 * 1
+2 * 1

fl=(12) /build/glibc-SzIz7B/glibc-2.31/elf/../sysdeps/x86/cpu-features.c
fn=(24) get_common_indices.constprop.0
0x1c360 71 1
+1 * 1
+7 +4 1
+3 * 1
+2 * 1
+3 * 1
+3 +3 1
+5 * 1
+2 * 1
+6 +4 1
+2 * 1
+3 -4 1
+6 +4 1
+3 -4 1
+6 +3 1
+6 +1 1
+2 +1 1
+2 * 1
+3 * 1
+3 * 1
+2 +1 1
+2 * 1
+3 * 1
+6 * 1
+3 +1 1
+2 * 1
+3 * 1
+3 +1 1
+3 * 1
+6 +7 1
+7 * 1
+2 +1 1
+5 * 1
+2 * 1
+2 +6 1
+7 -6 1
+6 * 1
+6 * 1
+6 * 1
+6 +6 1
+2 +1 1
+5 * 1
+5 * 1
+2 * 1
+6 * 1
+6 * 1
+6 * 1
+6 +7 1
+6 * 1
+6 * 1
+6 +4 1
+2 * 1
+3 +2 1
+2 * 1
+3 * 1
+3 * 1
jcnd=1/1 0x1c548 +4 
* * 
+6 225 1
+7 * 1
+6 +4 1
+5 * 1
+2 * 1
+2 +1 1
+2 * 1
+6 +3 1
+3 -1 1
+3 +4 1
+2 +2 1
+6 -2 1
+7 +5 1
+7 * 1
jcnd=1/1 0x1c524 +50 
* * 
0x1c524 +50 1
+7 * 1
+1 * 1
+28 118 1
+6 * 1
+2 +3 1
+6 * 1
+2 * 1
+3 * 1
+6 +3 1
+7 * 1
jcnd=1/1 +23 +11 
* * 
+23 +11 1
+6 * 1
jcnd=1/1 +14 +4 
* * 
+14 +4 1
+6 * 1
+3 * 1
jcnd=1/1 +14 +4 
* * 
+14 +4 1
+3 * 1
jcnd=1/1 +14 +4 
* * 
+14 +4 1
+7 * 1
+6 +7 1
+5 * 1
+5 * 1
jcnd=1/1 0x1c441 +71 
* * 

fl=(26) /build/glibc-SzIz7B/glibc-2.31/posix/../sysdeps/unix/syscall-template.S
fn=(70) uname
0x1f260 78 1
+4 * 1
+5 * 1
+2 * 1
+6 * 1
+2 +1 1

fl=(14) /build/glibc-SzIz7B/glibc-2.31/string/../sysdeps/x86_64/multiarch/../strlen.S
fn=(30) strlen
0x22e20 41 25
+4 +38 25
+4 +1 25
+4 +1 25
+4 +1 25
+4 +1 25
+3 +1 25
+3 +1 25
+7 +2 25
+7 +2 25
jcnd=1/25 0x22eb0 +62 
* * 
+2 +31 24
+4 +1 24
+4 +1 24
+4 +1 24
+2 +1 24
jcnd=14/24 +6 +7 
* * 
+2 +1 10
+3 +2 10
+1 +4 14
+4 +1 14
+5 +1 14
+5 +1 14
+5 +1 14
+4 +1 14
+5 +1 14
+4 +1 14
+4 +1 14
+4 +1 14
+3 +1 14
+4 +1 14
+3 +5 14
+3 * 14
+3 * 14
+4 * 14
+3 * 14
+3 * 14
jcnd=4/14 0x22f20 +74 
* * 
+2 * 10
+4 * 10
+10 +4 1
+4 +1 1
+4 * 1
+5 * 1
+5 * 1
+5 * 1
+4 * 1
+4 * 1
+5 * 1
+4 * 1
+4 * 1
+4 * 1
+3 * 1
+3 * 1
+4 * 1
+3 +1 1
+3 * 1
+3 * 1
+4 * 1
+3 * 1
+3 * 1
+2 * 1
+4 * 1
+29 +68 4
+5 +1 4
+5 +1 4
+5 +1 4
+5 +1 4
+4 +1 4
+4 +1 4
+2 +1 4
jcnd=3/4 +50 +16 
* * 
+2 +2 1
+4 +2 1
+4 +1 1
+5 +1 1
+5 +1 1
+5 +1 1
+4 +1 1
+4 +1 1
+2 +1 1
jcnd=1/1 +19 +7 
* * 
+15 +5 3
+4 +2 3
+4 +1 3
+4 * 3
+5 * 3
+5 * 3
+5 * 3
+4 * 3
+4 * 3
+5 * 3
+4 * 3
+4 * 3
+4 * 3
+3 * 3
+3 * 3
+4 * 3
+3 +2 3
+4 +1 3
+3 +1 3
+3 +2 3
-71 -7 1
+4 +1 1
+4 * 1
+5 * 1
+5 * 1
+5 * 1
+4 * 1
+4 * 1
+5 * 1
+4 * 1
+4 * 1
+4 * 1
+3 * 1
+3 * 1
+4 * 1
+3 +2 1
+4 +1 1
+3 +1 1
+3 +2 1

fl=(49) /build/glibc-SzIz7B/glibc-2.31/elf/dl-deps.c
fn=(152) _dl_map_object_deps
0xf520 159 1
+4 * 1
+1 +1 1
+3 * 1
+4 * 1
+8 -1 1
+3 * 1
+2 +1 1
+4 -1 1
+2 +1 1
+4 -1 1
+2 * 1
+2 * 1
+1 * 1
+7 * 1
+6 +1 1
+3 * 1
+7 * 1
+3 -1 1
+7 +1 1
+3 -1 1
+7 +1 1
+3 * 1
+3 * 1
jcnd=1/1 +23 * 
* * 
+23 * 1
+5 * 1
+3 * 1
+3 * 1
jcnd=1/1 0x100e8 * 
* * 
+6 -15 1
+7 +15 1
+5 * 1
+4 -8 1
+7 -6 1
+4 -1 1
+4 +15 1
+3 -16 1
+7 +8 1
+6 * 1
+3 * 1
+3 -6 1
+4 +6 1
+6 +24 1
+2 * 1
+6 * 1
+3 -28 1
+5 * 1
+6 * 1
+10 -2 1
+3 +31 1
+3 -33 1
+3 * 1
+6 +2 1
+3 * 1
+4 * 1
+4 * 1
+4 * 1
+4 -1 1
+5 * 1
+5 * 1
+4 * 1
+4 +7 1
+8 * 1
+3 * 1
+3 * 1
+7 +24 1
+3 * 1
+2 * 1
+3 * 1
+4 * 1
+5 * 1
+4 * 1
+7 +4 1
fi=(52) /build/glibc-SzIz7B/glibc-2.31/elf/../include/scratch_buffer.h
+8 77 1
+7 * 1
+7 * 1
fe=(49)
+7 198 1
fi=(52)
+6 78 1
fe=(49)
+11 200 1
+10 * 1
+7 +87 1
+7 -89 1
+6 +4 1
+3 +7 1
+6 +4 1
+7 * 1
+7 * 1
+3 * 1
jcnd=1/1 0xff00 +1 
* * 
+17 +11 1
+5 * 1
jcnd=1/1 0xf7d0 +2 
* * 
0xf7d0 +2 1
+4 +11 1
+4 -5 1
+7 -6 1
+4 * 1
+7 +5 1
+7 +2 1
+6 * 1
+6 +1 1
+6 * 1
+6 +3 1
+4 * 1
+3 * 1
+6 * 1
+7 +66 1
+7 -97 1
+3 +97 1
+7 -66 1
+7 +66 1
+7 * 1
+7 -65 1
+4 * 1
jcnd=1/1 0xfa22 +44 
* * 
+9 +6 2
+7 * 2
+5 * 2
+3 * 2
cfi=(27) /build/glibc-SzIz7B/glibc-2.31/elf/dl-load.c
cfn=(154) _dl_dst_count
calls=2 0x97a0 -13 
* * 132
+5 * 2
+3 * 2
+3 * 2
jcnd=2/2 0xfb58 * 
* * 
0xf942 +4 2
+7 * 2
+7 * 2
+7 -2 2
+7 +2 2
cob=(2)
cfi=(18)
cfn=(114)
calls=2 0x4001090 0 
* * 6725
+5 +1 1
+8 * 1
+6 +9 1
+7 +2 1
+7 * 1
+2 +5 1
+3 * 1
+3 * 1
jcnd=1/1 +23 * 
* * 
+23 * 1
+4 * 1
+6 +6 1
+7 +2 1
+7 -8 1
+5 * 1
+4 +3 1
+4 +1 1
+6 +1 1
+8 +1 1
+4 +4 1
+7 * 1
+7 * 1
+3 * 1
+3 * 1
+6 +4 1
+7 * 1
+3 * 1
jcnd=1/1 +13 -42 
* * 
+13 -42 15
+5 * 15
+4 * 15
+3 * 15
+6 +1 15
+4 * 15
jcnd=2/15 0xf850 +6 
* * 
+6 +44 14
+4 * 14
+6 * 14
jcnd=14/14 -38 -45 
* * 
0xfb58 -38 2
+3 * 2
jump=2 0xf942 +4 
* * 
0xff00 -30 1
+8 * 1
+6 * 1
+7 * 1
jcnd=1/1 0xf6dc +10 
* * 
0x100e8 -54 1
+6 * 1
jump=1 0xf5a1 -15 
* * 

fn=(156) openaux
0xf4e0 61 2
+4 * 2
+1 * 2
+3 +7 2
+3 -4 2
+3 * 2
+4 +1 2
+7 -1 2
+4 * 2
+4 * 2
+2 * 2
+3 * 2
+2 * 2
+5 * 2
+3 * 2
cfi=(27)
cfn=(122) _dl_map_object
calls=2 0xa460 1927 
* * 6580
+5 * 1
+4 +5 1
+1 * 1

fl=(40) /build/glibc-SzIz7B/glibc-2.31/io/../sysdeps/unix/sysv/linux/open64_nocancel.c
fn=(128) __open_nocancel
0x1ef30 34 18
+4 +3 18
+3 -3 18
+5 * 18
+3 * 18
+3 +3 18
+4 * 18
+2 * 18
+2 * 18
+5 * 18
+5 * 18
+2 +8 17
+3 * 17
+3 * 17
+5 * 17
+5 * 17
+2 * 17
+6 * 17
jcnd=15/17 +50 * 
* * 
+2 +2 2
+48 -2 15
+2 * 15
+6 * 15
+5 +2 15

fl=(22) /build/glibc-SzIz7B/glibc-2.31/string/../sysdeps/x86_64/strcmp.S
fn=(58) strcmp
0x1f600 111 26
+4 +33 26
+2 +1 26
+2 +2 26
+4 +1 26
+4 +21 26
+3 +1 26
jcnd=6/26 +77 +48 
* * 
+2 +1 20
+3 +1 20
jcnd=1/20 +72 +46 
* * 
+2 +1 19
+4 +1 19
+4 +1 19
+5 +1 19
+5 +21 19
+4 +1 19
+4 +1 19
+4 +1 19
+4 +1 19
+4 +1 19
+6 +1 19
jcnd=19/19 0x20a20 2211 
* * 
+26 +15 7
+4 +1 7
+4 +1 7
+5 +1 7
+3 +1 7
+3 +1 7
+3 +1 7
+2 +1 7
+2 +1 7
jcnd=4/7 +9 +5 
* * 
+2 +1 3
+3 +1 3
+1 +1 3
+3 +2 3
+4 +1 3
+3 +1 3
+7 +1 3
+4 +1 3
+4 +1 3
jump=2 0x208c0 2071 
* * 
jump=1 0x20140 1321 
* * 
-22 -5 4
+4 +1 4
+3 +1 4
+7 +1 4
+4 +1 4
+4 +1 4
jump=2 0x203c0 1571 
* * 
jump=2 0x20000 1196 
* * 
0x20000 1196 2
+4 +1 2
+4 +1 2
+4 +1 2
+4 +1 2
+5 +2 2
+4 +1 2
+4 +1 2
+5 +1 2
+2 +1 2
+3 +1 2
+3 +1 2
jcnd=2/2 0x20a05 2202 
* * 
0x20140 1321 1
+4 +1 1
+4 +1 1
+4 +1 1
+4 +1 1
+5 +2 1
+4 +1 1
+4 +1 1
+5 +1 1
+2 +1 1
+3 +1 1
+3 +1 1
jcnd=1/1 0x20a05 2202 
* * 
0x203c0 1571 2
+4 +1 2
+4 +1 2
+4 +1 2
+4 +1 2
+5 +2 2
+4 +1 2
+4 +1 2
+5 +1 2
+2 +1 2
+3 +1 2
+3 +1 2
jcnd=2/2 0x20a05 2202 
* * 
0x208c0 2071 2
+4 +1 2
+4 +1 2
+4 +1 2
+4 +1 2
+5 +2 2
+4 +1 2
+4 +1 2
+5 +1 2
+2 +1 2
+3 +1 2
+3 +1 2
jcnd=2/2 0x20a05 2202 
* * 
0x20a05 2202 7
+4 +1 7
+4 +1 7
+3 +1 7
jcnd=4/7 +16 +6 
* * 
+2 +1 3
+3 * 3
+11 +5 3
+4 +6 3
+4 +1 3
+4 +8 3
+2 +1 3
-14 -16 23
+4 +6 23
+4 +1 23
+4 +8 23
+2 +1 23

fl=(35) /build/glibc-SzIz7B/glibc-2.31/elf/../elf/dl-tls.c
fn=(102) _dl_count_modids
0x14460 108 1
+4 +5 1
+7 * 1
+2 +1 1
+7 +15 1
+3 * 1

fl=(41) /build/glibc-SzIz7B/glibc-2.31/io/../sysdeps/unix/sysv/linux/read_nocancel.c
fn=(130) __read_nocancel
0x1f020 25 2
+4 +1 2
+2 * 2
+2 * 2
+6 * 2
+2 +1 2

fl=(20) /build/glibc-SzIz7B/glibc-2.31/string/../sysdeps/x86_64/multiarch/memmove-vec-unaligned-erms.S
fn=(78) mempcpy
0x23380 114 49
+4 +1 49
+3 +1 49
+3 +1 49
jump=49 +13 +17 
* * 
+13 +17 49
+4 +1 49
jcnd=24/49 +25 280 
* * 
+2 +1 25
+4 +1 25
jcnd=4/25 +89 340 
* * 
+2 +5 21
+3 +1 21
+5 +1 21
+3 +1 21
+5 +5 21
+1 280 24
+3 +1 24
jcnd=10/24 +20 +31 
* * 
+2 +1 14
+3 +1 14
jcnd=9/14 +32 +36 
* * 
+2 +1 5
+3 +1 5
jcnd=2/5 +40 +41 
* * 
+2 +1 3
jcnd=3/3 +7 +4 
* * 
+7 +4 3
+1 +22 10
+5 +1 10
+3 +1 10
+5 +1 10
+3 +1 10
+1 +3 9
+4 +1 9
+2 +1 9
+4 +1 9
+2 +1 9
+1 +3 2
+5 +1 2
+3 +1 2
+5 +1 2
+3 +1 2
+1 +10 4
+7 +1 4
+2 +1 4
+4 +1 4
jcnd=3/4 +73 +22 
* * 
+2 +2 1
+3 +1 1
+4 +1 1
+4 +1 1
+4 +1 1
+5 +1 1
+5 +1 1
+5 +1 1
+5 +1 1
+3 +1 1
+4 +1 1
+4 +1 1
+4 +1 1
+5 +1 1
+5 +1 1
+5 +1 1
+5 +2 1
+1 +3 3
+3 +1 3
+4 +1 3
+5 +1 3
+5 +1 3
+3 +1 3
+4 +1 3
+5 +1 3
+5 +2 3

fn=(48) memcpy
0x23390 127 17
+4 +1 17
+3 +6 17
+4 +1 17
jcnd=8/17 +25 280 
* * 
+2 +1 9
+4 +1 9
jcnd=7/9 +89 340 
* * 
+2 +5 2
+3 +1 2
+5 +1 2
+3 +1 2
+5 +5 2
+1 280 8
+3 +1 8
jcnd=3/8 +20 +31 
* * 
+2 +1 5
+3 +1 5
+2 +1 5
+3 +1 5
+2 +1 5
+2 +1 5
+3 +1 5
+2 +2 5
+1 +22 3
+5 +1 3
+3 +1 3
+5 +1 3
+3 +1 3
+31 +24 7
+7 +1 7
+2 +1 7
+4 +1 7
jcnd=3/7 +73 +22 
* * 
+2 +2 4
+3 +1 4
+4 +1 4
+4 +1 4
+4 +1 4
+5 +1 4
+5 +1 4
+5 +1 4
+5 +1 4
+3 +1 4
+4 +1 4
+4 +1 4
+4 +1 4
+5 +1 4
+5 +1 4
+5 +1 4
+5 +2 4
+1 +3 3
+3 +1 3
+4 +1 3
+5 +1 3
+5 +1 3
+3 +1 3
+4 +1 3
+5 +1 3
+5 +2 3

fl=(43) /build/glibc-SzIz7B/glibc-2.31/io/../sysdeps/unix/sysv/linux/wordsize-64/fxstat.c
fn=(136) _fxstat
0x1ed20 33 2
+4 * 2
+3 * 2
+2 * 2
+3 +1 2
+4 * 2
+2 +1 2
+5 * 2
+2 * 2
+6 * 2
+2 +4 2

fl=(27)
fn=(90) expand_dynamic_string_token
0x99d0 378 6
+2 * 6
+2 * 6
+2 * 6
+2 * 6
+3 * 6
+1 * 6
+3 234 6
+5 378 6
+1 234 6
+3 378 6
+4 234 6
cfi=(32) /build/glibc-SzIz7B/glibc-2.31/string/../sysdeps/x86_64/multiarch/../strchr.S
cfn=(92) index
calls=6 0x22bf0 23 
* * 282
+5 +3 6
+3 * 6
+2 403 6
+4 -11 6
+3 +11 6
+1 * 6
+1 * 6
+2 * 6
+2 * 6
+2 * 6
+2 -11 6
cfi=(31) /build/glibc-SzIz7B/glibc-2.31/string/strdup.c
cfn=(84) strdup
calls=6 0x1f5c0 40 
* * 568

fn=(82) decompose_rpath.isra.0
0x9e80 555 1
+2 * 1
+2 * 1
+2 * 1
+3 * 1
+2 * 1
+3 * 1
+1 * 1
+3 * 1
+1 * 1
+3 * 1
+3 * 1
+4 +13 1
+7 -9 1
+4 +9 1
+3 * 1
+6 +31 1
+3 * 1
jcnd=1/1 +28 +7 
* * 
+28 +7 1
cfi=(31)
cfn=(84)
calls=1 0x1f5c0 40 
* * 141
+5 * 1
+3 +1 1
+3 * 1
+6 +8 1
+3 * 1
+2 * 1
+6 * 1
+3 -1 1
+2 * 1
+7 +3 1
+2 * 1
+3 -2 1
+4 +2 1
+3 * 1
+3 -2 1
+3 * 1
+2 * 1
jcnd=1/1 -20 +2 
* * 
-20 +2 119
+2 * 119
+3 -2 119
+4 +2 119
+3 * 119
+3 -2 119
+3 * 119
+2 * 119
jcnd=118/119 -20 +2 
* * 
+2 * 1
+8 +6 1
cob=(2)
cfi=(18)
cfn=(44)
calls=1 0x40010a0 0 
* * 27
+5 +2 1
+3 * 1
+6 +8 1
+3 * 1
+3 * 1
+3 * 1
+3 * 1
+7 * 1
+3 * 1
+5 * 1
cfn=(86) fillin_rpath
calls=1 0x9b70 447 
* * 3037
+5 +4 1
+3 * 1
cob=(2)
cfi=(18)
cfn=(94)
calls=1 0x4001080 0 
* * 7
+5 +3 1
+5 * 1
+4 * 1
+6 +7 1
+3 +3 1
+5 -1 1
+7 +2 1
+4 * 1
+1 * 1
+1 * 1
+2 * 1
+2 * 1
+2 * 1
+2 * 1

fn=(126) open_verify.constprop.1
0x9140 1466 1
+1 +70 1
+2 -70 1
+3 * 1
+2 * 1
+2 * 1
+3 +70 1
+5 -70 1
+2 * 1
+3 * 1
+2 * 1
+1 * 1
+3 * 1
+4 +70 1
cfi=(40)
cfn=(128)
calls=1 0x1ef30 34 
* * 19
+5 * 1
+3 +2 1
+3 * 1
+6 +11 1
+4 * 1
+2 +6 1
+6 -6 1
+10 +1 1
+4 * 1
+7 +5 1
+3 * 1
+3 * 1
+3 * 1
+4 * 1
cfi=(41)
cfn=(130)
calls=1 0x1f020 25 
* * 6
+5 +2 1
+3 * 1
+6 +2 1
+3 * 1
+3 * 1
+3 +2 1
+4 * 1
+2 +6 1
+4 * 1
+6 +16 1
+10 * 1
+4 * 1
+6 * 1
+5 * 1
+2 * 1
+6 * 1
+6 * 1
+4 * 1
jcnd=1/1 0x92e0 * 
* * 
0x92c0 1761 1
+3 * 1
cob=(2)
cfi=(18)
cfn=(94)
calls=1 0x4001080 0 
* * 7
+5 +4 1
+4 * 1
+3 * 1
+1 * 1
+2 * 1
+2 * 1
+2 * 1
+2 * 1
+1 * 1
+7 1583 1
+7 * 1
+5 * 1
+6 * 1
+7 * 1
+4 * 1
+6 * 1
+3 +74 1
+5 * 1
+6 +5 1
+6 * 1
+6 +2 1
+5 * 1
+3 * 1
+4 * 1
+6 +6 1
+6 * 1
+6 +6 1
+5 +1 1
+4 -1 1
+8 * 1
+3 * 1
+4 +1 1
+4 -1 1
+3 +1 1
+3 * 1
+6 +1 1
+4 * 1
+4 +20 1
+3 * 1
+3 * 1
+6 * 1
+3 1543 1
+3 * 1
jump=1 +31 1699 
* * 
+3 1698 11
+8 * 11
+4 * 11
+3 * 11
+4 * 11
+3 * 11
jcnd=1/11 0x92c0 +63 
* * 
+6 +1 11
+3 * 11
jcnd=9/11 -31 -1 
* * 
+2 * 2
+4 * 2
+4 * 2
+2 +1 2
+4 * 2
+4 * 2
+6 * 2
+2 +4 2
+4 * 2
+4 * 2
+3 * 2
jcnd=2/2 0x96a0 +1 
* * 
0x9456 +17 2
+7 * 2
+3 +8 2
+4 * 2
+5 * 2
+3 * 2
+7 * 2
+3 * 2
jcnd=2/2 0x95c0 +3 
* * 
0x95c0 +3 2
+4 * 2
+4 * 2
+5 * 2
+3 * 2
+5 * 2
+3 * 2
+5 * 2
+3 * 2
+3 +3 2
+4 -4 2
+3 +4 2
+3 * 2
jcnd=2/2 +19 +6 
* * 
+19 +6 2
+5 * 2
jump=2 0x9380 -43 
* * 
0x96a0 -36 2
+4 * 2
+4 * 2
jump=2 0x9456 +16 
* * 

fn=(86)
0x9b70 447 2
+2 * 2
+2 * 2
+2 * 2
+2 * 2
+3 * 2
+1 * 2
+1 +2 2
+2 -2 2
+4 * 2
+5 * 2
+5 * 2
+5 * 2
+5 * 2
+5 * 2
+5 * 2
+5 * 2
+10 +4 2
+5 * 2
+5 * 2
cfi=(19)
cfn=(88) strsep
calls=2 0x1d950 262 
* * 568
-10 * 5
+5 * 5
+5 * 5
cfi=(19)
cfn=(88)
calls=5 0x1d950 262 
* * 1051
+5 * 7
+3 * 7
+3 * 7
jcnd=2/7 0x9e40 +97 
* * 
+6 +7 5
+4 * 5
+6 +2 5
+5 * 5
+3 * 5
cfn=(90)
calls=5 0x99d0 -82 
* * 742
+5 * 5
+3 +4 5
+3 * 5
+2 +5 5
+3 * 5
cfi=(14)
cfn=(30)
calls=5 0x22e20 41 
* * 139
+5 * 5
+3 +1 5
+3 * 5
jcnd=5/5 +27 +7 
* * 
+8 +7 5
+6 * 5
+4 * 5
jcnd=5/5 0x9e20 +5 
* * 
+9 * 5
+4 * 5
jcnd=5/5 -23 * 
* * 
+16 +9 5
+7 * 5
+3 * 5
+2 * 5
+3 * 5
jump=5 +18 +1 
* * 
+10 * 30
+3 * 30
+3 * 30
jcnd=5/30 0x9cb0 +19 
* * 
+2 +1 30
+4 * 30
jcnd=29/30 -12 -1 
* * 
+2 * 1
+4 * 1
+3 * 1
+3 * 1
cfi=(33) /build/glibc-SzIz7B/glibc-2.31/string/../sysdeps/x86_64/memcmp.S
cfn=(98) bcmp
calls=1 0x227f0 23 
* * 49
+5 * 1
+2 * 1
jcnd=1/1 -31 -1 
* * 
+40 +57 5
+4 * 5
cob=(2)
cfi=(18)
cfn=(94)
calls=5 0x4001080 0 
* * 35
+5 * 5
jump=5 0x9bb0 -93 
* * 
+32 -39 5
+6 * 5
jcnd=1/5 0x9e32 * 
* * 
+6 * 4
+5 * 4
cfi=(14)
cfn=(30)
calls=4 0x22e20 41 
* * 68
+5 * 4
+4 * 4
+5 +4 4
+7 * 4
+8 * 4
+4 * 4
+5 * 4
+4 * 4
+5 * 4
+5 * 4
cob=(2)
cfi=(18)
cfn=(44)
calls=4 0x40010a0 0 
* * 108
-38 * 1
+7 * 1
+8 * 1
+4 * 1
+5 * 1
+4 * 1
+5 * 1
+5 * 1
cob=(2)
cfi=(18)
cfn=(44)
calls=1 0x40010a0 0 
* * 27
+5 +2 5
+5 * 5
+3 * 5
+6 +5 5
+4 +1 5
+3 * 5
+3 -2 5
+5 * 5
+4 +2 5
cfi=(20)
cfn=(78)
calls=5 0x23380 114 
* * 81
+5 +1 5
+5 +2 5
+7 -3 5
+3 +1 5
+4 +2 5
jcnd=2/5 +9 +6 
* * 
+2 +1 3
+7 +5 3
+3 * 3
+4 * 3
+4 * 3
+3 +1 3
+3 * 3
-17 -1 2
+3 * 2
+4 * 2
+4 * 2
+3 +1 2
+3 * 2
+2 * 5
+4 * 5
+4 * 5
+6 * 5
+3 * 5
+5 * 5
+2 * 5
+4 * 5
+5 +1 5
+3 * 5
+4 * 5
+4 * 5
+5 -1 5
+3 * 5
jcnd=5/5 -19 +1 
* * 
-19 +1 5
+3 * 5
+4 * 5
+4 * 5
+5 -1 5
+3 * 5
+2 * 5
+3 * 5
+4 * 5
+4 * 5
jcnd=5/5 +36 +3 
* * 
+36 +3 5
+5 +1 5
+6 -1 5
+4 +1 5
jcnd=1/5 0x9e5a +5 
* * 
+6 +2 4
+5 -1 4
+5 * 4
+5 * 4
+5 +1 4
+3 -1 4
+4 * 4
cfi=(20)
cfn=(48)
calls=4 0x23390 127 
* * 56
+5 * 4
+5 * 4
+4 +7 4
+7 -1 4
+3 +4 4
+4 * 4
+4 * 4
jump=4 0x9c87 +2 
* * 
-18 -3 1
+7 -1 1
+3 +4 1
+4 * 1
+4 * 1
jump=1 0x9c87 +2 
* * 
+28 -60 5
+5 * 5
+4 * 5
+4 * 5
jump=5 0x9c27 +4 
* * 
+5 +23 1
+9 * 1
jump=1 0x9ccf +4 
* * 
+5 +43 2
+8 +3 2
+4 * 2
+3 * 2
+1 * 2
+1 * 2
+2 * 2
+2 * 2
+2 * 2
+2 * 2
+1 -15 1
+8 * 1
jump=1 0x9df2 +3 
* * 

fn=(158) open_path
0x8a40 1779 3
+1 * 3
+3 * 3
+2 * 3
+2 * 3
+2 * 3
+2 * 3
+1 * 3
+7 +1 3
+3 -1 3
+7 * 3
+7 * 3
+4 * 3
+7 * 3
+7 * 3
+7 +1 3
+7 +6 3
+3 * 3
+6 +5 3
+7 * 3
+7 * 3
+5 * 3
+3 * 3
+3 * 3
+6 * 3
+3 * 3
+4 * 3
+3 * 3
+3 * 3
jcnd=3/3 +23 * 
* * 
+23 * 3
+6 * 3
+3 * 3
+3 * 3
jcnd=3/3 0x905d * 
* * 
+6 * 3
+6 * 3
+5 -7 3
+10 1443 3
+3 * 3
+6 1791 3
+4 -8 3
+11 +8 3
+3 * 3
+5 +3 3
+7 * 3
+3 +9 3
+7 * 3
+2 * 3
+6 * 3
+3 * 3
+3 * 3
+6 +7 3
+4 * 3
+4 * 3
+3 +1 3
+3 -1 3
cfi=(20)
cfn=(78)
calls=3 0x23380 114 
* * 39
+5 -12 3
+10 +12 3
+3 +55 3
+7 * 3
+7 -22 3
+7 * 3
+3 * 3
+7 * 3
+3 * 3
+3 * 3
+3 * 3
+3 * 3
+8 -32 3
+7 * 3
+3 * 3
-10 * 15
+7 * 15
+3 * 15
jcnd=1/15 0x8d3c +85 
* * 
+6 +3 24
+6 -3 24
+4 +3 24
jcnd=7/24 0x8d30 -3 
* * 
+6 +4 17
+3 * 17
+3 * 17
+4 * 17
+7 * 17
+4 * 17
+3 * 17
cfi=(20)
cfn=(78)
calls=17 0x23380 114 
* * 236
+5 * 17
+7 * 17
+7 * 17
+3 * 17
cfi=(20)
cfn=(78)
calls=17 0x23380 114 
* * 221
+5 +3 17
+3 * 17
+7 +3 17
+7 * 17
+3 * 17
+6 +3 17
+4 * 17
+3 * 17
+3 * 17
+3 * 17
+7 * 17
cfn=(160) open_verify.constprop.0
calls=17 0x8380 1466 
* * 1077
+5 * 16
+3 +2 16
+5 * 16
+2 * 16
+6 +2 16
+4 * 16
jcnd=15/16 0x8e08 +5 
* * 
+6 +1 1
+9 +23 1
+10 +2 1
+6 * 1
+2 * 1
jcnd=1/1 +37 +25 
* * 
+37 +25 1
+7 * 1
+7 * 1
cob=(2)
cfi=(18)
cfn=(44)
calls=1 0x40010a0 0 
* * 27
+5 * 1
+7 +1 1
+7 * 1
+3 -1 1
+3 +1 1
+2 +2 1
+7 * 1
+3 * 1
+3 * 1
+7 * 1
cfi=(20)
cfn=(48)
calls=1 0x23390 127 
* * 19
+5 +1 1
+7 * 1
jump=1 +16 +34 
* * 
+10 +7 1
+6 +27 1
+4 * 1
+3 * 1
+1 * 1
+2 * 1
+2 * 1
+2 * 1
+2 * 1
+1 * 1
-17 * 1
+4 * 1
+3 * 1
+1 * 1
+2 * 1
+2 * 1
+2 * 1
+2 * 1
+1 * 1
+86 1811 7
+3 * 7
+3 * 7
jcnd=7/7 0x8ba0 +3 
* * 
+6 +85 1
+6 * 1
+2 * 1
+2 * 1
+6 * 1
+3 * 1
+2 * 1
+3 * 1
+6 +7 1
+8 * 1
+7 -2 1
+6 * 1
+6 +2 1
+4 * 1
+6 +3 1
+6 * 1
+2 * 1
jcnd=1/1 0x8cc3 -13 
* * 
0x8df9 -95 15
+4 * 15
jump=15 0x8b90 * 
* * 
+11 +25 15
+3 * 15
+2 +1 15
+5 * 15
+7 * 15
+4 * 15
+4 * 15
+4 * 15
+7 * 15
jcnd=15/15 +52 +6 
* * 
+52 +6 15
+7 * 15
+7 +2 15
+3 * 15
+5 * 15
+7 -2 15
+3 * 15
+4 +2 15
cfi=(50) /build/glibc-SzIz7B/glibc-2.31/io/../sysdeps/unix/sysv/linux/wordsize-64/xstat.c
cfn=(162) _xstat
calls=15 0x1ecd0 33 
* * 207
+5 * 15
+3 +3 15
+5 -3 15
+3 * 15
jcnd=14/15 +52 +3 
* * 
+2 +1 1
+6 +2 1
+2 -2 1
+6 +2 1
+6 * 1
+3 * 1
+3 * 1
+6 * 1
+5 * 1
+7 * 1
+6 * 1
+5 * 1
jump=1 0x8df9 -37 
* * 
-5 * 14
+5 * 14
jump=14 0x8df9 -37 
* * 
0x905d -57 3
+6 * 3
jump=3 0x8ae3 * 
* * 

fn=(154)
0x97a0 231 2
+4 * 2
+2 +3 2
+5 -3 2
+2 * 2
+2 +7 2
+3 -7 2
+1 * 2
+1 +3 2
cfi=(32)
cfn=(92)
calls=2 0x22bf0 23 
* * 96
+5 +3 2
+3 * 2
+2 +20 2
+1 * 2
+3 * 2
+1 * 2
+2 * 2
+2 * 2
+2 * 2

fn=(132) _dl_map_object_from_fd
0x6dc0 866 2
+1 * 2
+3 * 2
+2 * 2
+2 * 2
+2 * 2
+3 * 2
+2 * 2
+1 * 2
+7 * 2
+7 +10 2
+4 -10 2
+7 +10 2
+2 -10 2
+6 * 2
+7 * 2
+7 +10 2
cfi=(34) /build/glibc-SzIz7B/glibc-2.31/elf/dl-debug.c
cfn=(100) _dl_debug_initialize
calls=2 0x121f0 46 
* * 18
+5 * 2
+7 +7 2
+3 * 2
+5 * 2
+6 * 2
jfi=(42) /build/glibc-SzIz7B/glibc-2.31/elf/../sysdeps/posix/dl-fileid.h
jcnd=2/2 0x7020 37 
* * 
+28 +61 2
+3 * 2
+3 * 2
+6 * 2
+6 +10 2
+7 * 2
+6 +7 2
+7 * 2
+3 * 2
+2 * 2
+6 +33 2
+3 * 2
+6 877 2
+7 997 2
+4 * 2
+4 * 2
+3 * 2
+3 * 2
+7 * 2
+7 * 2
cfi=(17) /build/glibc-SzIz7B/glibc-2.31/elf/dl-object.c
cfn=(38) _dl_new_object
calls=2 0xd210 59 
* * 951
+5 * 2
+3 +1 2
+3 * 2
+6 +11 2
+7 * 2
+4 +5 2
+4 -5 2
+8 +1 2
+4 +5 2
+5 -5 2
+7 +1 2
+4 +2 2
+8 -2 2
+9 +2 2
+3 * 2
+4 +1 2
+4 * 2
+3 * 2
+6 +20 2
+9 * 2
+3 -2 2
+7 +2 2
+4 * 2
+4 * 2
+3 * 2
+7 * 2
+3 * 2
+3 * 2
+3 * 2
jcnd=2/2 +23 * 
* * 
+23 * 2
+6 * 2
+3 * 2
+3 * 2
+2 * 2
+6 * 2
+5 * 2
+3 * 2
+4 * 2
+7 +8 2
+8 -8 2
+4 +8 2
+3 -8 2
+7 +8 2
+4 * 2
+3 * 2
+6 +90 2
+3 -96 2
+7 +96 2
+3 -97 2
+3 -5 2
+11 * 2
+7 1132 2
+6 * 2
+6 -89 2
+2 * 2
+3 * 2
-5 * 17
+2 * 17
+3 * 17
jcnd=7/17 0x7600 * 
* * 
+6 * 12
+2 * 12
+6 * 12
+3 * 12
+6 * 12
+5 * 12
+3 * 12
jump=1 0x7553 +17 
* * 
jump=3 0x7564 1149 
* * 
jump=2 0x7592 +6 
* * 
jump=6 0x71b0 +23 
* * 
fi=(42)
+76 37 2
+6 * 2
+7 * 2
+5 * 2
cfi=(43)
cfn=(136)
calls=2 0x1ed20 -4 
* * 22
+5 * 2
+2 * 2
fe=(27)
+6 901 2
+4 * 2
fi=(42)
+7 40 2
+8 * 2
+7 +1 2
fe=(27)
+7 901 2
fi=(42)
+4 40 2
fe=(27)
+7 901 2
+4 * 2
+4 * 2
+3 * 2
jcnd=2/2 +24 +1 
* * 
+10 * 5
+5 * 5
+3 * 5
jcnd=2/5 0x7128 +19 
* * 
+6 +1 5
+9 * 5
fi=(42)
+2 49 5
+8 * 5
jfi=(27)
jcnd=5/5 -33 901 
* * 
fe=(27)
+52 1417 2
+4 * 2
+3 * 2
+1 * 2
+2 * 2
+2 * 2
+2 * 2
+2 * 2
+1 * 2
+66 920 2
+5 * 2
jcnd=2/2 0x6e35 +24 
* * 
0x71b0 1066 6
+7 * 6
+4 * 6
+4 * 6
+3 * 6
+6 +5 6
+4 * 6
+4 * 6
+4 * 6
+3 * 6
+3 * 6
+3 * 6
+6 +8 6
+4 +1 6
+3 +1 6
+5 -2 6
+4 +1 6
+7 * 6
+4 +1 6
+5 * 6
+4 * 6
+4 -1 6
+3 +1 6
+4 -1 6
+3 * 6
+3 +1 6
+4 * 6
+3 * 6
+3 * 6
+3 +3 6
+3 -3 6
+4 +1 6
+7 * 6
+6 +2 6
+4 +4 6
+4 * 6
jcnd=2/6 +30 +6 
* * 
+2 +1 4
+3 * 4
+4 * 4
+5 * 4
+7 * 4
+3 * 4
+6 +5 4
+3 * 4
+5 -1 4
+4 +1 4
+7 -1 4
+4 -14 4
+3 +15 4
+3 * 4
+3 * 4
+2 * 4
+3 * 4
+4 -52 4
+8 * 4
+4 * 4
+3 * 4
+4 * 4
+3 * 4
jcnd=4/4 0x6fb0 +1 
* * 
-63 +52 2
+3 * 2
+5 -1 2
+4 +1 2
+7 -1 2
+4 -14 2
+3 +15 2
+3 * 2
+3 * 2
+2 * 2
+3 * 2
+4 -52 2
+8 * 2
+4 * 2
+3 * 2
+4 * 2
+3 * 2
jcnd=2/2 0x6fb0 +1 
* * 
-22 * 13
+8 * 13
+4 * 13
+3 * 13
+4 * 13
+3 * 13
jcnd=11/13 0x6fb0 +1 
* * 
+6 1157 2
+3 * 2
+6 1010 2
+7 * 2
+6 1170 2
+4 * 2
+6 +10 2
+7 * 2
+7 * 2
+5 * 2
fi=(45) /build/glibc-SzIz7B/glibc-2.31/elf/./dl-map-segments.h
+4 56 2
fe=(27)
+7 1180 2
+8 * 2
fi=(45)
+5 56 2
+5 * 2
fe=(27)
+8 1180 2
+3 * 2
+7 * 2
fi=(45)
+3 56 2
+3 * 2
+3 -6 2
+7 +6 2
+8 -6 2
+3 +6 2
cfi=(44)
cfn=(138)
calls=2 0x1f160 -8 
* * 42
+5 * 2
+8 +4 2
+4 * 2
+6 +3 2
+7 * 2
+4 +1 2
+3 +2 2
+7 -3 2
+8 +1 2
+4 +2 2
jcnd=1/2 +58 +14 
* * 
+2 +7 1
+7 * 1
+4 * 1
+4 * 1
+8 * 1
+7 * 1
+5 * 1
+2 * 1
+3 * 1
+3 * 1
cfi=(51) /build/glibc-SzIz7B/glibc-2.31/misc/../sysdeps/unix/syscall-template.S
cfn=(164) mprotect
calls=1 0x1f230 +5 
* * 6
+5 * 1
+2 * 1
+6 +7 2
+9 +2 2
fi=(46) /build/glibc-SzIz7B/glibc-2.31/elf/./dl-load.h
+7 +8 2
+4 * 2
jcnd=1/2 +18 +3 
* * 
-4 * 4
+4 * 4
jcnd=3/4 +18 +3 
* * 
+2 +1 2
+4 * 2
+4 * 2
+8 +2 2
+9 * 2
-9 * 4
+9 * 4
jcnd=1/4 0x7b95 +1 
* * 
fi=(45)
+6 +11 6
+4 * 6
+4 * 6
+3 * 6
jcnd=4/6 0x7440 +45 
* * 
+2 +6 2
+4 +2 2
+7 -2 2
+4 +1 2
+3 +2 2
+3 * 2
+3 -1 2
+5 * 2
+3 +3 2
+3 * 2
+4 +5 2
+3 * 2
+2 +3 2
+4 * 2
+6 +8 2
+3 * 2
+2 * 2
+3 * 2
+7 * 2
+3 * 2
+7 * 2
cfi=(30) /build/glibc-SzIz7B/glibc-2.31/string/../sysdeps/x86_64/multiarch/memset-vec-unaligned-erms.S
cfn=(80) memset
calls=2 0x23580 -23 
* * 202
+5 +1 2
+7 * 2
+7 +5 2
+3 * 2
jcnd=1/2 0x7c04 +4 
* * 
+6 +12 6
+4 -59 6
+4 * 6
+4 * 6
+7 * 6
+3 * 6
jfi=(27)
jcnd=2/6 0x76c9 1192 
* * 
+6 +2 4
+4 * 4
+3 * 4
+4 * 4
+3 * 4
+6 +2 4
+3 * 4
+4 * 4
+4 * 4
+5 * 4
+7 * 4
+3 * 4
+3 * 4
cfi=(44)
cfn=(138)
calls=4 0x1f160 -46 
* * 72
+5 * 4
+4 * 4
jfi=(46)
jcnd=4/4 0x73a3 -4 
* * 
fe=(27)
0x7553 1060 1
+4 * 1
+8 +1 1
jump=1 0x7288 -19 
* * 
+5 +88 3
+7 * 3
+6 * 3
+3 * 3
+3 * 3
cfi=(21) /build/glibc-SzIz7B/glibc-2.31/elf/../sysdeps/x86/dl-prop.h
cfn=(140) _dl_process_pt_note
calls=3 0x6990 153 
* * 150
+5 * 3
+2 * 3
+6 * 3
+9 * 3
jump=3 0x7288 1042 
* * 
+5 1049 2
+5 * 2
+6 +5 2
+4 * 2
+5 +1 2
+4 * 2
+4 * 2
+9 * 2
jump=2 0x7288 -13 
* * 
+73 -12 7
+6 * 7
jcnd=2/7 +50 +97 
* * 
+2 * 5
+6 * 5
jcnd=3/5 0x7288 -1 
* * 
+6 1144 2
+5 * 2
+5 * 2
+5 * 2
+9 +2 2
jump=2 0x7288 1042 
* * 
+12 -6 2
+3 * 2
+7 +1 2
jump=2 0x7288 -99 
* * 
0x76c9 +51 2
+5 * 2
+7 * 2
+3 * 2
+6 +9 2
+4 * 2
+3 * 2
fi=(3) /build/glibc-SzIz7B/glibc-2.31/elf/get-dynamic-info.h
+5 42 2
+6 +6 2
+3 -2 2
+5 +2 2
+3 * 2
+6 +15 2
+5 +5 2
+5 +3 2
+6 -2 2
+6 -2 2
+6 -3 2
+6 * 2
jump=2 +40 -14 
* * 
+5 -1 10
+3 * 10
+3 * 10
+4 * 10
jcnd=2/10 +46 +2 
* * 
+2 +1 8
+3 * 8
+3 * 8
+4 -16 8
+4 +26 8
+4 -26 8
+3 * 8
jcnd=2/8 +90 +33 
* * 
-11 * 102
+4 +26 102
+4 -26 102
+3 * 102
+2 +2 110
+4 * 110
jcnd=10/110 -39 +13 
* * 
+2 +23 102
+4 * 102
jump=102 -23 -25 
* * 
+11 -8 2
+3 * 2
+3 * 2
+3 * 2
+3 * 2
jcnd=2/2 +14 +3 
* * 
+14 +3 2
+3 * 2
+3 * 2
+4 * 2
+6 +3 2
+3 * 2
+3 * 2
+4 * 2
+2 +1 2
+5 * 2
+3 * 2
+3 * 2
jump=2 -80 +1 
* * 
+2 +9 2
+3 * 2
+2 +20 2
+5 * 2
+3 * 2
jcnd=2/2 +6 +1 
* * 
+6 +1 2
+5 * 2
+3 * 2
+2 * 2
+4 +1 2
+5 * 2
+3 * 2
+2 * 2
+4 +1 2
+5 * 2
+3 * 2
+2 * 2
+4 +2 2
+5 * 2
+3 * 2
+2 * 2
+4 +5 2
+8 * 2
+3 * 2
+2 * 2
+4 +1 2
+8 * 2
+3 * 2
jcnd=1/2 +6 +1 
* * 
+2 * 1
+4 +1 1
+8 * 1
+3 * 1
-11 * 1
+8 * 1
+3 * 1
+2 * 2
+4 +5 2
+8 * 2
+3 * 2
+2 +5 2
+5 * 2
+6 +7 2
+6 * 2
+2 +1 2
+8 * 2
+5 * 2
+6 +18 2
+8 * 2
+3 * 2
jcnd=2/2 +49 +14 
* * 
+49 +14 2
+8 * 2
+3 * 2
jfi=(42)
jcnd=1/2 0x7ead 49 
* * 
+6 +2 1
+4 * 1
+8 * 1
+2 +1 1
+3 * 1
+6 +9 1
+7 * 1
+6 +5 1
+2 * 1
+6 +3 2
+9 * 2
jfi=(27)
jcnd=1/2 +14 1208 
* * 
+2 +2 1
fe=(27)
+12 1208 1
+2 * 1
jcnd=1/1 +13 +2 
* * 
-2 * 1
+2 * 1
jcnd=1/1 +13 +2 
* * 
+13 +2 2
+5 * 2
jcnd=2/2 +16 +19 
* * 
+16 +19 2
+8 * 2
+3 * 2
+6 +19 2
+4 * 2
+8 +2 2
+6 * 2
+2 * 2
+7 * 2
+2 * 2
+6 +48 2
+8 * 2
+3 * 2
jcnd=2/2 +14 +4 
* * 
+14 +4 2
+6 * 2
cfi=(47) /build/glibc-SzIz7B/glibc-2.31/io/../sysdeps/unix/sysv/linux/close_nocancel.c
cfn=(148) __GI___close_nocancel
calls=2 0x1ee20 25 
* * 12
+5 * 2
+2 * 2
+6 +9 2
+7 * 2
+6 +2 2
+8 * 2
+4 * 2
+3 * 2
+8 +2 2
+7 * 2
+6 +16 2
+3 * 2
cfi=(6) /build/glibc-SzIz7B/glibc-2.31/elf/dl-lookup.c
cfn=(10) _dl_setup_hash
calls=2 0xd0b0 961 
* * 48
+5 +4 2
+4 * 2
+2 +1 2
+9 * 2
jcnd=2/2 +90 +17 
* * 
+90 +17 2
+9 * 2
jcnd=1/2 0x7be9 +1 
* * 
+6 +4 2
+8 +5 2
+8 -5 2
+9 +5 2
+6 +10 2
+8 * 2
+6 +9 2
+9 * 2
jcnd=2/2 +35 +13 
* * 
+35 +13 2
+4 * 2
+3 * 2
cfi=(17)
cfn=(50) _dl_add_to_namespace_list
calls=2 0xd170 31 
* * 92
+5 +4 2
+6 * 2
+2 * 2
jcnd=2/2 0x70d5 +19 
* * 
fi=(46)
0x7b95 94 1
+7 * 1
+4 * 1
+4 * 1
+3 * 1
+6 +2 1
+4 -1 1
+4 * 1
+3 +1 1
+8 -1 1
+3 +1 1
+3 -1 1
+3 +1 1
+4 -1 1
+3 * 1
+6 +3 1
+3 * 1
+3 * 1
+8 * 1
jfi=(45)
jump=1 0x73c8 +6 
* * 
fe=(27)
+5 1354 1
+7 * 1
jump=1 0x7a19 +3 
* * 
fi=(45)
+20 141 1
+3 * 1
+3 * 1
+6 * 1
+3 * 1
+3 * 1
+3 * 1
+5 * 1
cfi=(44)
cfn=(138)
calls=1 0x1f160 -93 
* * 18
+5 +3 1
+4 * 1
jcnd=1/1 0x7440 +5 
* * 
fi=(42)
0x7ead -95 1
+8 * 1
jfi=(3)
jump=1 0x78cd 183 
* * 
fe=(27)

fn=(160)
0x8380 1466 17
+1 * 17
+3 * 17
+2 * 17
+2 * 17
+3 * 17
+2 * 17
+3 * 17
+2 * 17
+1 * 17
+3 * 17
+4 +39 17
+6 * 17
+2 * 17
jcnd=17/17 +10 +31 
* * 
+10 +31 17
+5 * 17
+3 * 17
+2 * 17
cfi=(40)
cfn=(128)
calls=17 0x1ef30 34 
* * 360
+5 * 16
+3 +2 16
+3 * 16
jcnd=15/16 0x84e0 -20 
* * 
+6 +11 1
+4 * 1
+2 +6 1
+6 -6 1
+10 +1 1
+4 * 1
+7 +5 1
+3 * 1
+3 * 1
+3 * 1
+4 * 1
cfi=(41)
cfn=(130)
calls=1 0x1f020 25 
* * 6
+5 +2 1
+3 * 1
+6 +2 1
+3 * 1
+3 * 1
+3 +2 1
+4 * 1
+2 +6 1
+4 * 1
+6 +16 1
+10 * 1
+4 * 1
jcnd=1/1 0x87a0 * 
* * 
+6 * 1
+5 * 1
+2 * 1
+6 * 1
+6 * 1
+4 * 1
jcnd=1/1 0x8500 * 
* * 
0x84e0 -65 15
+6 1765 15
+4 * 15
+3 * 15
+1 * 15
+2 * 15
+2 * 15
+2 * 15
+2 * 15
+1 * 15
-17 * 1
+4 * 1
+3 * 1
+1 * 1
+2 * 1
+2 * 1
+2 * 1
+2 * 1
+1 * 1
+9 1583 1
+7 * 1
+5 * 1
+6 * 1
+7 * 1
+4 * 1
+6 * 1
+2 +74 1
+5 * 1
+6 +5 1
+6 * 1
+6 +2 1
+5 * 1
+3 * 1
+4 * 1
+6 +6 1
+6 * 1
+6 +6 1
+5 +1 1
+4 -1 1
+8 * 1
+3 * 1
+4 +1 1
+4 -1 1
+3 +1 1
+3 * 1
+6 +1 1
+4 * 1
+4 +20 1
+3 * 1
+3 * 1
+6 * 1
+3 1543 1
+3 * 1
jump=1 +32 1699 
* * 
+4 1698 8
+8 * 8
+4 * 8
+3 * 8
+4 * 8
+3 * 8
jcnd=1/8 0x8800 +63 
* * 
+6 +1 8
+3 * 8
jcnd=7/8 -31 -1 
* * 
+2 * 1
+4 * 1
+4 * 1
+2 +1 1
+4 * 1
+4 * 1
+6 * 1
+2 +4 1
+4 * 1
+4 * 1
+3 * 1
jcnd=1/1 0x88f0 +1 
* * 
0x8679 +17 1
+7 +8 1
+3 * 1
+4 * 1
+3 * 1
+7 * 1
+3 * 1
jcnd=1/1 0x8810 +3 
* * 
-20 * 1
+3 * 1
+4 * 1
+3 * 1
+7 * 1
+3 * 1
jcnd=1/1 0x8810 +3 
* * 
0x87a0 1583 1
+10 * 1
+4 * 1
jcnd=1/1 0x8430 * 
* * 
+82 1761 1
+3 * 1
cob=(2)
cfi=(18)
cfn=(94)
calls=1 0x4001080 0 
* * 7
+5 * 1
jump=1 0x84e6 +4 
* * 
+8 -29 2
+4 * 2
+3 * 2
+4 * 2
+3 * 2
+5 * 2
+3 * 2
+5 * 2
+3 * 2
+3 +3 2
+4 -4 2
+3 +4 2
+3 * 2
jcnd=1/2 +21 +6 
* * 
+2 +5 1
+3 +1 1
+3 * 1
jump=1 0x8680 -12 
* * 
+13 * 1
+5 * 1
jump=1 0x85a0 -43 
* * 
0x88f0 -36 1
+4 * 1
+4 * 1
jump=1 0x8679 +16 
* * 

fn=(72) _dl_init_paths
0xa050 681 1
+4 * 1
+1 +13 1
+7 * 1
+7 -13 1
+3 * 1
+2 * 1
+2 * 1
+2 * 1
+2 * 1
+1 * 1
+4 * 1
+4 +13 1
+7 * 1
+7 * 1
cfi=(28) /build/glibc-SzIz7B/glibc-2.31/elf/dl-hwcaps.c
cfn=(74) _dl_important_hwcaps
calls=1 0x10780 42 
* * 747
+5 +5 1
+5 -5 1
+7 +5 1
cob=(2)
cfi=(18)
cfn=(44)
calls=1 0x40010a0 0 
* * 27
+5 -1 1
+7 +2 1
+3 * 1
+6 +7 1
+10 * 1
+3 +1 1
+7 * 1
+8 * 1
+4 * 1
+4 -1 1
+3 * 1
+3 * 1
+4 +4 1
+4 * 1
+3 * 1
+4 * 1
cob=(2)
cfi=(18)
cfn=(44)
calls=1 0x40010a0 0 
* * 27
+5 * 1
+3 * 1
+3 +2 1
+3 * 1
+6 +7 1
+7 +10 1
+7 -2 1
+4 * 1
+7 +2 1
+4 +3 1
+7 * 1
+4 +9 1
+8 -7 1
+7 +7 1
+4 * 1
+3 -3 1
+5 -20 1
+10 +12 1
+8 +3 1
+8 +8 1
+4 -3 1
+2 * 4
+4 * 4
+3 * 4
+2 * 4
cfi=(30)
cfn=(80)
calls=4 0x23580 108 
* * 52
+5 +3 4
+7 * 4
+3 * 4
jcnd=1/4 +93 +11 
* * 
+2 * 3
+4 * 3
+4 -14 3
+4 * 3
+4 * 3
+4 +14 3
+4 -12 3
+7 * 3
+4 +4 3
+4 +4 3
+3 -7 3
+8 +3 3
+4 +1 3
+5 -2 3
+4 +5 3
+6 +1 3
+5 -4 3
+3 +4 3
jcnd=3/3 0xa15b * 
* * 
+14 +14 1
+7 -11 1
+7 +6 1
+11 +1 1
+7 +5 1
+3 * 1
+2 +2 1
+7 * 1
+3 * 1
+2 * 1
+6 +2 1
+7 * 1
+3 * 1
+2 +5 1
+4 +1 1
+4 -2 1
+7 * 1
+7 * 1
+7 +2 1
+4 -2 1
+3 * 1
cfn=(82)
calls=1 0x9e80 555 
* * 4228
+5 +6 1
+10 +3 1
+11 +25 1
+4 * 1
+3 * 1
+2 * 1
+3 * 1
jcnd=1/1 0xa2c5 +2 
* * 
0xa2c5 +2 1
+3 * 1
cfi=(14)
cfn=(30)
calls=1 0x22e20 41 
* * 17
+5 * 1
+3 * 1
+4 * 1
+4 * 1
+3 * 1
+6 * 1
+3 * 1
+4 * 1
+3 * 1
+3 * 1
jcnd=1/1 +36 * 
* * 
+36 * 1
+6 * 1
+3 * 1
+3 * 1
jcnd=1/1 0xa3d3 * 
* * 
+6 * 1
+4 * 1
+5 * 1
+3 * 1
+4 * 1
cfi=(20)
cfn=(48)
calls=1 0x23390 127 
* * 11
+5 * 1
+3 +5 1
+3 * 1
+2 * 1
+6 * 1
+3 -1 1
+5 * 1
+1 +2 1
+3 * 1
+4 * 1
+2 * 1
jcnd=1/1 +12 -1 
* * 
-9 * 13
+3 * 13
+4 * 13
+2 * 13
jcnd=13/13 +12 -1 
* * 
+12 -1 14
+4 * 14
+4 * 14
+2 * 14
jcnd=13/14 -31 +1 
* * 
+2 * 1
+8 +5 1
cob=(2)
cfi=(18)
cfn=(44)
calls=1 0x40010a0 0 
* * 27
+5 -1 1
+7 +1 1
+3 +1 1
+3 * 1
+6 +6 1
+3 * 1
+3 * 1
+7 * 1
+3 * 1
+7 * 1
cfn=(86)
calls=1 0x9b70 447 
* * 663
+5 +3 1
+7 * 1
+4 * 1
+2 +6 1
+10 +4 1
+4 * 1
+1 * 1
+2 * 1
+2 * 1
+2 * 1
+2 * 1
+1 * 1
+1 -30 1
+6 * 1
jump=1 0xa324 * 
* * 

fn=(122)
0xa460 1927 3
+4 * 3
+2 * 3
+2 * 3
+2 * 3
+2 * 3
+1 * 3
+1 * 3
+7 * 3
+3 * 3
+4 +8 3
+3 * 3
+6 +1 3
+7 * 3
+3 * 3
+7 * 3
+6 +3 3
+4 * 3
+3 * 3
+3 * 3
+3 * 3
+4 * 3
+4 * 3
+3 * 3
jcnd=3/3 +21 +5 
* * 
+12 * 9
+4 * 9
+3 * 9
jcnd=3/9 0xa548 +33 
* * 
+2 +5 9
+8 * 9
+2 * 9
+3 * 9
+2 * 9
+2 * 9
+2 * 9
+2 +2 9
+3 * 9
+3 * 9
cfi=(39) /build/glibc-SzIz7B/glibc-2.31/elf/dl-misc.c
cfn=(124) _dl_name_match_p
calls=9 0x12b90 282 
* * 919
+5 * 9
+2 * 9
+2 +4 9
+8 * 9
+2 +1 9
+7 * 9
+3 * 9
jcnd=5/9 -65 -12 
* * 
+2 +3 4
+4 +1 4
+4 +1 4
+3 -1 4
+4 +1 4
cfi=(22)
cfn=(58)
calls=4 0x1f600 111 
* * 100
+5 * 4
+2 * 4
jcnd=4/4 -89 -17 
* * 
+22 2238 2
+7 * 2
+3 * 2
+1 * 2
+1 * 2
+2 * 2
+2 * 2
+2 * 2
+2 * 2
+5 1972 3
+2 * 3
+6 * 3
+5 * 3
+4 * 3
+3 * 3
+6 -43 3
+9 +53 3
+7 * 3
+3 * 3
+6 +36 3
+5 * 3
+3 -2 3
+5 +2 3
cfi=(32)
cfn=(92)
calls=3 0x22bf0 23 
* * 120
+5 * 3
+3 * 3
jcnd=2/3 0xa732 +4 
* * 
+6 2169 1
+3 * 1
+6 -1 1
+3 * 1
+3 * 1
cfn=(90)
calls=1 0x99d0 378 
* * 246
+5 +2 1
+3 -3 1
+5 +1 1
+3 +2 1
+3 * 1
+6 +4 1
+5 * 1
+5 * 1
+3 * 1
cfn=(126)
calls=1 0x9140 1466 
* * 285
+5 * 1
+2 +3 1
+3 * 1
+6 +12 1
+4 * 1
+2 * 1
+5 * 1
+4 +46 1
+7 +1 1
+3 * 1
+3 * 1
+3 -1 1
+5 +1 1
+1 * 1
+5 * 1
+1 * 1
+1 * 1
+4 * 1
+1 * 1
+5 * 1
+5 * 1
cfn=(132)
calls=1 0x6dc0 866 
* * 1890
-44 -1 1
+7 +1 1
+3 * 1
+3 * 1
+3 -1 1
+5 +1 1
+1 * 1
+5 * 1
+1 * 1
+1 * 1
+4 * 1
+1 * 1
+5 * 1
+5 * 1
cfn=(132)
calls=1 0x6dc0 866 
* * 2201
+5 * 2
+4 * 2
+3 * 2
jump=2 0xa52f +2 
* * 
0xa732 2022 2
+3 * 2
cfi=(14)
cfn=(30)
calls=2 0x22e20 41 
* * 70
+5 * 2
+4 * 2
+5 +2 2
+7 * 2
+6 +7 2
+3 * 2
+6 * 2
+9 * 2
+6 +35 2
+8 * 2
+2 +1 2
+4 * 2
+2 * 2
+7 * 2
+3 * 2
+5 * 2
+1 * 2
+2 * 2
+2 * 2
+5 * 2
+8 * 2
+5 * 2
cfn=(158)
calls=2 0x8a40 1779 
* * 1550
+5 +6 1
+4 -6 1
+2 +6 1
+3 * 1
+2 * 1
+3 * 1
+2 659 1
+8 2074 1
+8 659 1
+4 * 1
+6 +3 1
+3 * 1
+6 2076 1
+4 * 1
+3 * 1
+5 * 1
+1 * 1
+2 * 1
+2 * 1
+8 * 1
+5 * 1
+5 * 1
+2 * 1
+3 * 1
cfn=(158)
calls=1 0x8a40 1779 
* * 1541
+5 * 1
+4 * 1
+2 +4 1
+3 * 1
+6 +81 1
+7 * 1
+6 +28 1
+4 * 1
+5 * 1
+2 * 1
+4 +2 1
+3 * 1
+6 * 1
+5 * 1
jump=1 0xa5ea +44 
* * 

fl=(34)
fn=(100)
0x121f0 46 3
+4 +3 3
+3 * 3
jcnd=3/3 +89 +1 
* * 
+29 +5 2
+3 * 2
jcnd=2/2 0x12280 +4 
* * 
+8 +5 1
+4 * 1
+7 -1 1
+4 +1 1
+4 * 1
+4 +1 1
+7 * 1
+4 -1 1
+4 +5 1
+11 -14 3
+7 +4 3
+5 * 3
jcnd=2/3 -72 * 
* * 
+2 +3 1
+6 +1 1
+3 * 1
jcnd=1/1 -72 +1 
* * 
+25 * 2

fn=(104) _dl_debug_state
0x121e0 73 1
+4 +1 1

fl=(31)
fn=(84)
0x1f5c0 40 7
+4 * 7
+2 * 7
+1 * 7
+3 * 7
+4 +1 7
cfi=(14)
cfn=(30)
calls=7 0x22e20 * 
* * 269
+5 * 7
+4 +1 7
+3 * 7
cob=(2)
cfi=(18)
cfn=(44)
calls=7 0x40010a0 -42 
* * 189
+5 +2 7
+3 * 7
+2 +4 7
+4 -1 7
+3 * 7
+3 * 7
+3 +1 7
+1 * 7
+2 -1 7
cfi=(20)
cfn=(48)
calls=7 0x23390 +80 
* * 125

fl=(21)
fn=(140)
0x6990 153 3
+1 * 3
+3 * 3
+2 * 3
+3 * 3
+2 * 3
+2 * 3
+3 * 3
+2 * 3
+1 * 3
+4 +4 3
+4 +2 3
+4 * 3
+4 * 3
+3 * 3
+6 53 3
+7 * 3
jcnd=1/3 0x6b32 182 
* * 
+6 +6 2
+5 * 2
jcnd=1/2 0x6b32 182 
* * 
+6 160 1
+5 -98 1
+3 +5 1
+4 * 1
+6 +89 1
+3 -89 1
+6 +89 1
+7 * 1
+2 -89 1
+3 * 1
jump=1 +41 +3 
* * 
+8 +70 1
+4 * 1
+4 * 1
+5 * 1
+4 -1 1
+3 -69 1
+4 * 1
+3 * 1
jcnd=1/1 0x6be0 +75 
* * 
+6 +3 1
+2 * 1
+3 * 1
+2 +1 1
+4 * 1
+2 +1 1
+7 * 1
+2 +4 1
+8 * 1
+3 * 1
+6 +4 1
+3 * 1
+3 * 1
+7 +3 1
+3 * 1
+3 * 1
+6 +1 1
+4 * 1
+6 +4 1
+4 +1 1
+4 * 1
jump=1 +76 +4 
* * 
+10 +11 1
+4 +1 1
+3 * 1
+4 * 1
+3 * 1
+6 +5 1
+6 * 1
jcnd=1/1 0x6c10 +7 
* * 
+40 -13 1
+2 * 1
+2 +1 1
+4 +3 1
+2 * 1
jcnd=1/1 -76 +3 
* * 
+89 +82 1
+3 * 1
jcnd=1/1 +10 +3 
* * 
+10 +3 3
+2 +1 3
+4 * 3
+1 * 3
+2 * 3
+2 * 3
+2 * 3
+2 * 3
+1 * 3
0x6be0 -41 1
+3 * 1
+2 * 1
+3 * 1
+3 * 1
+2 +1 1
+8 +1 1
+2 * 1
+6 +1 1
+8 * 1
jump=1 0x6b25 +34 
* * 
+11 -32 1
+4 * 1
+6 +3 1
+3 * 1
+3 +4 1
jump=1 0x6a03 +17 
* * 

fl=(32)
fn=(92)
0x22bf0 23 11
+4 +1 11
+4 +1 11
+2 +1 11
+5 +1 11
+4 +1 11
+5 +1 11
+4 +1 11
+5 +1 11
+6 +1 11
+4 +1 11
+4 +1 11
+4 +1 11
+4 +1 11
+4 +1 11
+4 +1 11
+4 +1 11
+2 +1 11
jcnd=8/11 +27 +14 
* * 
+2 +1 3
+3 +4 3
+5 +1 3
+4 +1 3
+3 +1 3
+4 +2 3
+6 +4 8
+5 +1 8
+4 +1 8
+4 +1 8
+4 +1 8
+4 +1 8
+4 +1 8
+5 +1 8
+4 +1 8
+4 +1 8
+4 +1 8
+4 +1 8
+4 +1 8
+4 +1 8
+5 +1 8
+4 +1 8
+4 +1 8
+4 +1 8
+3 +1 8
+4 +1 8
+4 +1 8
+4 +1 8
+3 +1 8
+3 +1 8
jcnd=7/8 0x22d60 +52 
* * 
+6 * 1
+11 * 1
+3 +5 1
+4 +1 1
+4 +3 1
+4 +1 1
+4 +1 1
+5 +1 1
+5 +1 1
+4 +1 1
+5 +1 1
+4 +1 1
+4 +1 1
+4 +1 1
+4 +1 1
+5 +1 1
+5 +1 1
+4 +1 1
+5 +1 1
+4 +1 1
+4 +1 1
+4 +1 1
+4 +2 1
+2 +1 1
+2 +2 1
+4 +1 1
+4 +1 1
+4 +1 1
+4 +1 1
+4 +1 1
+4 +1 1
+4 +1 1
+4 +2 1
+4 +1 1
+4 +1 1
+4 +1 1
+5 +1 1
+4 +1 1
+4 +1 1
+3 +1 1
+3 +1 1
+4 +1 1
+3 +3 1
+4 +4 1
+5 +1 1
+4 +1 1
+3 +1 1
+4 +2 1
-20 -9 7
+4 +4 7
+5 +1 7
+4 +1 7
+3 +1 7
+4 +2 7

fl=(50)
fn=(162)
0x1ecd0 33 15
+4 * 15
+3 * 15
+3 * 15
+3 +1 15
+4 * 15
+2 +1 15
+5 * 15
+2 * 15
+6 * 15
jcnd=14/15 +8 * 
* * 
+2 +4 1
+6 -4 14
+2 * 14
+6 * 14
+5 * 14

fl=(7) /build/glibc-SzIz7B/glibc-2.31/elf/../elf/dl-sysdep.c
fn=(12) _dl_sysdep_start
0x1c700 89 1
+4 * 1
+2 * 1
+2 * 1
+2 * 1
+2 * 1
+1 * 1
+3 * 1
+1 * 1
+4 +25 1
+3 -1 1
+7 +1 1
+4 * 1
+7 * 1
+6 * 1
+2 * 1
+5 * 1
+7 * 1
+4 * 1
+3 * 1
+2 * 39
+4 * 39
+4 * 39
jcnd=38/39 -8 * 
* * 
+2 * 1
+4 +6 1
+4 -3 1
+7 +1 1
+11 -4 1
+7 +3 1
+5 +3 1
+3 * 1
+6 * 1
+5 * 1
+3 * 1
+3 * 1
+3 * 1
+5 * 1
+3 -29 1
+3 -1 1
+3 * 1
+7 +30 1
+5 * 1
+7 * 1
+5 * 1
+7 * 1
+5 * 1
+7 * 1
+5 * 1
+7 * 1
+5 * 1
+7 * 1
+5 * 1
+5 * 1
+7 * 1
+5 * 1
+6 * 1
+4 * 1
+7 * 1
+4 * 1
+2 * 1
+4 +1 1
+4 * 1
+4 * 1
jcnd=1/1 +40 -1 
* * 
-8 * 18
+4 * 18
+4 * 18
jcnd=1/18 +40 -1 
* * 
+2 * 17
+4 * 17
+3 * 17
jump=1 0x1c9e8 +36 
* * 
jump=1 +7 +61 
* * 
jump=1 0x1c948 +33 
* * 
jump=1 0x1ca10 +12 
* * 
jump=1 0x1ca50 +6 
* * 
jump=8 +31 -1 
* * 
jump=1 0x1ca70 +3 
* * 
jump=1 0x1c998 +45 
* * 
jump=1 0x1ca30 +9 
* * 
jump=1 0x1c9c0 +39 
* * 
+7 +61 1
+4 +1 1
+5 -1 1
+5 +1 1
+10 -63 1
+4 * 1
+4 * 1
+3 * 1
jcnd=1/1 -59 +1 
* * 
-11 * 10
+4 * 10
+4 * 10
+3 * 10
jcnd=10/10 -59 +1 
* * 
+5 * 1
+3 * 1
+2 * 1
+7 * 1
+3 * 1
+2 * 1
+5 * 1
+3 * 1
+2 * 1
+7 * 1
+2 * 1
+2 * 1
+7 * 1
+5 * 1
+2 * 1
+4 * 1
+7 * 1
+5 * 1
jcnd=1/1 +14 * 
* * 
+14 * 1
+5 * 1
+2 * 1
+4 * 1
+6 * 1
+5 * 1
jcnd=1/1 +14 * 
* * 
+14 * 1
+5 * 1
jcnd=1/1 +14 * 
* * 
+14 * 1
+5 * 1
+6 * 1
+5 * 1
+7 * 1
jump=1 0x1ca96 223 
* * 
+88 +34 1
+4 -34 1
+4 * 1
+4 +35 1
+6 -35 1
+3 * 1
jcnd=1/1 0x1c810 +1 
* * 
+59 +46 1
+3 -46 1
+4 +47 1
+5 -1 1
+4 -46 1
+3 * 1
+3 * 1
jcnd=1/1 0x1c810 +1 
* * 
+18 +40 1
+4 -40 1
+4 +41 1
+5 -1 1
+4 -40 1
+3 * 1
+3 * 1
jcnd=1/1 0x1c810 +1 
* * 
+17 +37 1
+4 -37 1
+4 * 1
+4 +38 1
+5 -38 1
+3 * 1
+6 * 1
jump=1 0x1c850 * 
* * 
+14 +13 1
+4 -13 1
+4 * 1
+4 +14 1
+6 -14 1
+3 * 1
jcnd=1/1 0x1c810 +1 
* * 
+11 +10 1
+4 -10 1
+4 * 1
+4 +11 1
+6 -11 1
+3 * 1
jcnd=1/1 0x1c810 +1 
* * 
+11 +7 1
+4 -7 1
+4 * 1
+4 * 1
+3 * 1
jcnd=1/1 0x1c810 +1 
* * 
+17 +4 1
+4 -4 1
+4 * 1
+4 * 1
+3 * 1
jcnd=1/1 0x1c810 +1 
* * 
+23 223 1
cfi=(8) /build/glibc-SzIz7B/glibc-2.31/elf/dl-tunables.c
cfn=(14) __GI___tunables_init
calls=1 0x1a050 +64 
* * 17708
fi=(10) /build/glibc-SzIz7B/glibc-2.31/elf/../sysdeps/unix/sysv/linux/dl-sysdep.c
+5 36 1
+2 * 1
cfi=(11) /build/glibc-SzIz7B/glibc-2.31/elf/../sysdeps/unix/sysv/linux/x86_64/brk.c
cfn=(20) brk
calls=1 0x1df40 -8 
* * 10
fi=(12)
+5 309 1
+8 +13 1
+2 -12 1
+8 +1 1
+8 +11 1
+2 * 1
+6 +3 1
+6 * 1
+6 * 1
+6 * 1
+6 * 1
+6 * 1
jcnd=1/1 0x1cea8 +6 
* * 
+41 476 1
+6 * 1
+3 * 1
+2 +1 1
+7 +3 1
+3 * 1
+2 +1 1
+7 +6 1
+6 +6 1
+5 -5 1
+6 +5 1
+7 -3 1
+6 +3 1
+3 -4 1
+6 +4 1
cfi=(8)
cfn=(26) __tunable_get_val
calls=1 0x1a5e0 368 
* * 18
+5 +2 1
+2 * 1
+3 * 1
+5 * 1
cfi=(8)
cfn=(26)
calls=1 0x1a5e0 368 
* * 20
+5 * 1
+5 +2 1
+2 * 1
+3 * 1
+5 -2 1
+7 +2 1
cfi=(8)
cfn=(26)
calls=1 0x1a5e0 368 
* * 20
+5 * 1
+5 +2 1
+2 * 1
+3 * 1
+5 -2 1
+7 +2 1
cfi=(8)
cfn=(26)
calls=1 0x1a5e0 368 
* * 20
+5 * 1
+5 +12 1
+7 -1 1
+11 -11 1
+7 +12 1
jcnd=1/1 0x1cd78 +4 
* * 
+6 +47 1
+3 * 1
+7 * 1
+5 * 1
cfi=(8)
cfn=(26)
calls=1 0x1a5e0 368 
* * 18
+5 +2 1
+3 * 1
+5 * 1
+7 * 1
cfi=(8)
cfn=(26)
calls=1 0x1a5e0 368 
* * 18
fi=(13) /build/glibc-SzIz7B/glibc-2.31/elf/../sysdeps/unix/sysv/linux/x86/cpu-features.c
+5 28 1
+3 * 1
+5 * 1
+5 * 1
+2 * 1
+3 * 1
fe=(7)
+2 234 1
+7 * 1
+3 * 1
+2 +1 1
cfi=(14)
cfn=(30)
calls=1 0x22e20 41 
* * 33
+5 * 1
+7 +2 1
+2 * 1
cfi=(15)
cfn=(32)
calls=1 0x1df90 32 
* * 18
+5 * 1
+7 * 1
+3 * 1
+6 +12 1
+6 * 1
+2 * 1
+6 +3 1
+5 * 1
+3 * 1
+3 * 1
+7 * 1
cfi=(2) /build/glibc-SzIz7B/glibc-2.31/elf/rtld.c
cfn=(34) dl_main
calls=1 0x25e0 1090 
* * 18366
fi=(12)
0x1cd78 515 1
+6 * 1
+2 * 1
jcnd=1/1 +88 +19 
* * 
+88 +19 1
+5 * 1
+5 * 1
jcnd=1/1 0x1cbbe +24 
* * 
0x1cea8 331 1
+5 * 1
+5 * 1
+5 * 1
+5 * 1
+3 * 1
cfn=(24)
calls=1 0x1c360 71 
* * 93
+5 49 1
+5 * 1
+2 * 1
+2 * 1
+2 +1 1
+5 * 1
+2 +1 1
+5 * 1
+2 * 1
+6 * 1
+6 * 1
+6 * 1
+6 +5 1
+6 * 1
+2 +1 1
+5 * 1
+2 * 1
+6 * 1
+6 * 1
+6 * 1
+6 +5 1
+6 * 1
+2 +1 1
+5 * 1
+2 * 1
+6 * 1
+6 * 1
+6 * 1
+6 336 1
+4 * 1
+4 * 1
+6 * 1
+4 * 1
+6 * 1
+3 * 1
jcnd=1/1 +60 +2 
* * 
+2 +89 1
+3 * 1
+3 * 1
+7 * 1
+6 -96 1
+5 +96 1
+4 * 1
+6 -99 1
jump=1 0x1cb0b 476 
* * 
+24 +12 1
+4 * 1
+4 * 1
+4 * 1
+3 * 1
+4 * 1
+2 * 1
+7 * 1
+4 * 1
+3 * 1
jump=1 +4 +38 
* * 
+4 +38 1
+7 * 1
+2 +14 1
+5 +10 1
+4 * 1
+2 * 1
+2 * 1
+4 * 1
jcnd=1/1 0x1cf60 +25 
* * 
fe=(7)

fl=(51)
fn=(164)
0x1f230 78 1
+4 * 1
+5 * 1
+2 * 1
+6 * 1
+2 +1 1

fl=(38) /build/glibc-SzIz7B/glibc-2.31/setjmp/../sysdeps/x86_64/setjmp.S
fn=(118) __sigsetjmp
0x1f2f0 30 3
+4 +2 3
+3 +9 3
+3 +1 3
+7 * 3
+4 +1 3
+4 +4 3
+4 +1 3
+4 +1 3
+4 +1 3
+4 +1 3
+5 +2 3
+7 * 3
+4 +2 3
+4 +1 3
+4 +1 3
+1 +2 3
+7 * 3
+4 +2 3
+4 +8 3
+2 +3 3
+5 +1 3
+4 +7 3
+2 +1 3

fl=(16) /build/glibc-SzIz7B/glibc-2.31/elf/dl-environ.c
fn=(36) _dl_next_ld_env_entry
0x1d3c0 28 3
+4 +1 3
+3 +3 3
+3 * 3
+3 * 3
jcnd=2/3 +24 +2 
* * 
+2 * 1
jump=1 +57 +17 
* * 
+9 * 37
+4 +13 37
+4 -13 37
+3 * 37
+2 +2 39
+3 * 39
jcnd=31/39 -16 -2 
* * 
+2 +1 8
+4 * 8
jcnd=6/8 -22 -3 
* * 
+2 * 2
+4 * 2
+2 +5 2
+4 -3 2
+4 +3 2
+3 +2 2
+7 +7 1

fl=(10)
fn=(68) _dl_discover_osversion
0x1d1e0 46 1
+4 * 1
+2 * 1
+1 * 1
+1 * 1
+7 +2 1
+7 * 1
+3 * 1
jcnd=1/1 0x1d2c0 +40 
* * 
0x1d2aa +85 1
+7 * 1
+1 * 1
+1 * 1
+2 * 1
+11 -45 1
+5 * 1
cfi=(26)
cfn=(70)
calls=1 0x1f260 -10 
* * 6
+5 +15 1
+8 -15 1
+2 * 1
+6 +20 1
+3 -1 1
+2 +3 1
+3 * 1
+3 * 1
+3 * 1
-9 * 2
+3 * 2
+3 * 2
+3 * 2
+2 +4 3
+4 -2 3
+4 * 3
+3 +2 3
+3 * 3
+4 * 3
jcnd=2/3 +27 +7 
* * 
+2 * 1
+2 +2 1
+3 +1 1
+4 * 1
+4 -3 1
+3 * 1
+3 * 1
+4 * 1
+2 +7 3
+3 -1 3
+4 +4 3
+4 -2 3
+2 +2 3
+3 * 3
jcnd=1/3 +20 +5 
* * 
+2 * 2
+4 * 2
jcnd=2/2 -78 -14 
* * 
+14 +5 1
+4 * 1
jcnd=1/1 0x1d2aa +4 
* * 

fl=(47)
fn=(148)
0x1ee20 25 2
+4 +1 2
+5 * 2
+2 * 2
+6 * 2
+2 +1 2

fl=(36) /build/glibc-SzIz7B/glibc-2.31/string/../sysdeps/x86_64/strcspn.S
fn=(108) strcspn
0x232d0 28 1
+4 +2 1
+3 +7 1
+3 +1 1
+7 +2 1
+5 +1 1
+3 +1 1
+2 +1 1
+1 +1 1
jump=1 * * 
* * 
* * 32
jcnd=31/32 * * 
* * 
+3 +3 1
+3 * 1
+11 * 1
+3 +7 1
+2 +1 1
+2 +1 1
+2 +1 1
+3 +2 1
+3 +1 1
+3 +1 1
+2 +1 1
+3 +2 1
+3 +1 1
+3 +1 1
jcnd=1/1 +20 +9 
* * 
+20 +9 1
+4 * 1
+11 * 1
+3 +12 1
+4 +2 1
+2 +1 1
+3 +1 1
-9 -4 16
+4 +2 16
+2 +1 16
+3 +1 16
jcnd=1/16 +35 +18 
* * 
+2 +2 16
+3 +1 16
+3 +1 16
+2 +2 16
+3 +1 16
+3 +1 16
+2 +2 16
+3 +1 16
+3 +1 16
jcnd=16/16 -33 -16 
* * 
+11 +6 1
+7 +7 1
+3 +4 1

fl=(1) ???
fn=(0) 0x0000000000001100
0x1100 0 1
+3 0 1
cfi=(2)
cfn=(2) _dl_start
calls=1 0x1df0 463 
* 0 37980

fl=(17)
fn=(38)
0xd210 59 3
+4 * 3
+2 * 3
+2 * 3
+2 * 3
+2 * 3
+3 * 3
+1 * 3
+1 * 3
+3 * 3
+4 * 3
+5 +3 3
+7 -3 3
+5 * 3
+4 +3 3
+5 * 3
jcnd=1/3 0xd5d0 +2 
* * 
+6 +15 2
+7 * 2
+3 * 2
+3 * 2
cfi=(14)
cfn=(30)
calls=2 0x22e20 -36 
* * 96
+5 * 2
+3 * 2
+3 * 2
+4 * 2
+4 * 2
+8 +12 2
+5 * 2
+5 * 2
+5 * 2
cob=(2)
cfi=(18)
cfn=(40)
calls=2 0x40010c0 -89 
* * 115
-15 * 1
+5 * 1
+5 * 1
+5 * 1
cob=(2)
cfi=(18)
cfn=(40)
calls=1 0x40010c0 -89 
* * 45
+5 * 3
+3 +3 3
+3 * 3
+6 +4 3
+5 +5 3
+5 -6 3
+4 +6 3
+3 -5 3
+8 +5 3
+3 -5 3
+7 +5 3
+4 -1 3
+4 +1 3
+5 -1 3
+4 +1 3
cfi=(20)
cfn=(48)
calls=3 0x23390 +26 
* * 52
+5 * 3
+5 +15 3
+5 * 3
+4 -15 3
+4 +15 3
+3 -13 3
+8 +13 3
+2 * 3
jcnd=1/3 +7 +6 
* * 
+2 * 2
+3 * 2
jcnd=2/2 +6 +8 
* * 
+2 +6 1
+4 +2 1
+8 * 1
+5 * 1
+4 * 1
+3 * 1
+3 * 1
+2 * 1
+7 +3 1
+7 * 1
jcnd=1/1 0xd500 +1 
* * 
-39 -3 2
+8 * 2
+5 * 2
+4 * 2
+3 * 2
+3 * 2
+2 * 2
+7 +3 2
+7 * 2
jcnd=2/2 0xd500 +1 
* * 
+6 +2 3
+7 +4 3
+4 +3 3
+3 * 3
jcnd=2/3 +62 +16 
* * 
+2 * 1
+7 * 1
+3 * 1
+6 * 1
+4 * 1
+7 * 1
+4 * 1
+8 * 1
+9 +2 1
+3 -2 1
+4 * 1
+3 * 1
jcnd=1/1 -10 +2 
* * 
-10 +2 15
+3 -2 15
+4 * 15
+3 * 15
jcnd=14/15 -10 +2 
* * 
+2 +16 3
+4 * 3
+7 -5 3
+11 +5 3
+4 -6 3
+7 +6 3
+4 -6 3
+7 +6 3
+3 * 3
jcnd=1/3 0xd538 -2 
* * 
+6 +2 2
+7 * 2
+7 +3 2
+3 * 2
+6 -3 2
+5 * 2
+3 +7 2
+3 * 2
+8 * 2
+3 * 2
+2 +4 2
+2 * 2
jcnd=2/2 0xd590 -29 
* * 
+6 +2 1
+6 +6 1
+3 +3 1
+7 +10 1
+3 * 1
+5 -10 1
+7 +10 1
jcnd=1/1 0xd4e5 +74 
* * 
-22 -10 2
+7 +10 2
+3 * 2
+5 -10 2
+7 +10 2
+6 +2 2
+5 +21 2
+2 -21 2
cfi=(14)
cfn=(30)
calls=2 0x22e20 41 
* * 96
+5 +4 2
+5 -4 2
+3 * 2
+4 * 2
+5 +17 2
+3 -13 2
+4 * 2
+2 * 2
jump=2 0xd5b0 +4 
* * 
0xd4b6 +50 2
+5 * 2
+5 * 2
cfi=(20)
cfn=(78)
calls=2 0x23380 114 
* * 50
+5 * 2
+3 +5 2
+3 * 2
+4 +1 2
+3 * 2
jcnd=2/2 -10 -1 
* * 
-10 -1 56
+3 * 56
+4 +1 56
+3 * 56
jcnd=54/56 -10 -1 
* * 
+2 +2 2
+3 * 2
+4 +3 2
+3 +3 2
+7 +4 2
+4 * 2
+3 * 2
+1 * 2
+1 * 2
+2 * 2
+2 * 2
+2 * 2
+2 * 2
-17 * 1
+4 * 1
+3 * 1
+1 * 1
+1 * 1
+2 * 1
+2 * 1
+2 * 1
+2 * 1
+10 128 3
+11 * 3
jump=3 0xd320 +1 
* * 
+8 +37 2
+6 * 2
+3 * 2
jcnd=2/2 0xd3e1 +11 
* * 
+28 -15 1
+2 +7 1
+3 * 1
+6 * 1
+3 * 1
jump=1 0xd3d8 +10 
* * 
+74 -21 2
+7 * 2
jump=2 0xd513 +29 
* * 
+25 +60 2
+3 * 2
cob=(2)
cfi=(18)
cfn=(44)
calls=2 0x40010a0 0 
* * 54
+5 * 2
+3 +1 2
+3 * 2
+2 * 2
+3 * 2
jump=2 0xd4b6 +45 
* * 
+13 64 1
+2 * 1
+2 +1 1
+3 * 1
+2 * 1
+5 * 1
+6 * 1
+5 * 1
+3 +9 1
+6 -5 1
+7 * 1
jump=1 0xd270 +20 
* * 

fn=(50)
0xd170 31 3
+4 * 3
+2 +2 3
+7 -2 3
+1 * 3
+3 +2 3
+8 -2 3
+1 * 3
+3 +2 3
cfi=(2)
cfn=(52) rtld_lock_default_lock_recursive
calls=3 0x1150 801 
* * 9
+6 +2 3
+4 * 3
+4 * 3
+3 * 3
+3 * 3
+3 * 3
jcnd=1/3 +92 +10 
* * 
+2 * 2
+10 +3 2
+3 * 2
+4 * 2
+3 * 2
jcnd=2/2 -10 * 
* * 
-10 * 3
+3 * 3
+4 * 3
+3 * 3
jcnd=1/3 -10 * 
* * 
+2 +2 2
+4 +2 2
+4 +4 2
+4 +4 2
+7 +1 2
+1 -5 2
+4 * 2
+6 +1 2
+7 * 2
+7 +1 2
+4 +3 2
+1 -3 2
+7 +3 2
+2 -1 2
cfi=(2)
cfn=(54) rtld_lock_default_unlock_recursive
calls=2 0x1160 807 
* * 6
-50 -4 1
+4 +4 1
+7 +1 1
+1 -5 1
+4 * 1
+6 +1 1
+7 * 1
+7 +1 1
+4 +3 1
+1 -3 1
+7 +3 1
+2 -1 1
cfi=(2)
cfn=(54)
calls=1 0x1160 807 
* * 3
+10 -5 1
+3 * 1
jump=1 -63 +1 
* * 

fl=(33)
fn=(98)
0x227f0 23 1
+4 +5 1
+3 +1 1
+6 +1 1
+4 +1 1
+6 +1 1
+3 +1 1
+3 +1 1
+4 +1 1
+6 +3 1
+7 +1 1
+2 +1 1
+3 +1 1
+4 +1 1
+4 +1 1
+6 +1 1
+4 +1 1
+2 +1 1
+6 +2 1
+7 +1 1
+2 +1 1
+3 +1 1
+4 +1 1
+4 +1 1
+2 +1 1
+4 +1 1
+2 +1 1
+2 +2 1
+7 +1 1
+2 +1 1
+2 +1 1
+3 +1 1
+4 +1 1
+2 +1 1
+4 +1 1
+2 +1 1
jcnd=1/1 +85 +36 
* * 
+85 +36 1
+3 +1 1
+2 +1 1
+3 +1 1
+3 +1 1
+4 +1 1
+4 +1 1
+4 +1 1
+3 +1 1
+3 +1 1
+3 +1 1
+3 +1 1
+2 +1 1

fl=(19)
fn=(88)
0x1d950 262 7
+4 +3 7
+3 * 7
+2 +2 7
+3 +1 7
+3 * 7
jcnd=2/7 +48 +26 
* * 
+2 +4 5
+4 * 5
+2 * 5
+2 * 5
+3 * 5
+4 * 5
+3 * 5
jump=5 +14 +5 
* * 
-3 * 129
+3 * 129
jump=129 +14 +5 
* * 
+5 +7 145
+4 * 145
+3 * 145
jcnd=131/145 +25 -7 
* * 
+2 -2 148
+2 * 148
jcnd=145/148 -11 +2 
* * 
+2 +6 3
+3 * 3
+4 +7 3
+3 +4 3
+3 * 3
-6 -4 2
+3 +4 2
+3 * 2
-3 * 2
+3 * 2
+6 -22 131
+4 +15 131
+4 -15 131
+2 * 131
jcnd=129/131 -50 * 
* * 
+2 * 2
+2 * 2
jump=2 -26 +18 
* * 

fn=(42)
0x1d5c0 92 3
+4 * 3
+3 +4 3
+4 +4 3
+5 -1 3
+3 * 3
+3 +1 3
+3 * 3
jcnd=3/3 +7 +3 
* * 
+7 +3 3
cob=(2)
cfi=(18)
cfn=(44)
calls=3 0x40010a0 0 
* * 127

fn=(46)
0x1d4a0 49 23
+4 * 23
+1 * 23
+1 * 23
+3 * 23
+4 +1 23
+7 * 23
+7 * 23
+3 * 23
jcnd=1/23 0x1d568 +6 
* * 
+6 +11 23
+4 * 23
+4 +3 23
+4 -3 23
+7 +3 23
+3 * 23
jcnd=1/23 +38 +5 
* * 
+2 * 22
+3 * 22
+3 * 22
+3 * 22
+2 +18 23
+7 +1 23
+7 +2 23
+4 * 23
+1 * 23
+1 * 23
+5 -16 1
+7 * 1
+3 * 1
+5 * 1
+3 +1 1
+3 * 1
jcnd=1/1 +11 +2 
* * 
+11 +2 1
+3 +1 1
+5 * 1
+3 * 1
+5 * 1
+6 * 1
+3 * 1
+2 * 1
cfi=(44)
cfn=(138)
calls=1 0x1f160 -25 
* * 20
+5 * 1
+3 +2 1
+4 * 1
+2 +2 1
+7 * 1
+2 +2 1
+3 * 1
+4 * 1
+7 * 1
jump=1 0x1d4e7 +3 
* * 
+8 -23 1
+7 -1 1
+7 +1 1
+5 +1 1
+3 * 1
+3 -2 1
+7 * 1
jump=1 0x1d4c4 +6 
* * 

fn=(96)
0x1d600 109 8
+4 +2 8
+7 * 8
+3 * 8
+2 * 8

fl=(30)
fn=(80)
0x23580 108 6
+4 +1 6
+4 * 6
+3 * 6
+4 * 6
+4 * 6
+5 +6 6
+4 +1 6
jcnd=1/6 0x2362c 236 
* * 
+6 +1 5
+4 +1 5
jcnd=1/5 +13 +70 
* * 
+2 +2 4
+6 +1 4
+4 +2 4
+1 +65 1
+4 +1 1
jcnd=1/1 +24 +10 
* * 
+24 +10 1
+4 +1 1
+4 +1 1
+4 +1 1
+6 +1 1
+5 +1 1
+6 +1 1
+5 +1 1
+6 +1 1
+5 +1 1
+6 +1 1
+3 +1 1
+4 +1 1
+3 +1 1
+2 +2 23
+4 +1 23
+5 +1 23
+5 +1 23
+5 +1 23
+4 +1 23
+3 +1 23
jcnd=22/23 -26 -6 
* * 
+2 +1 1
+2 +15 1
+5 +1 1
+3 +1 1
jcnd=1/1 +17 +28 
* * 
+17 +28 1
+5 +1 1
+3 +2 1

fl=(28)
fn=(74)
0x10780 42 1
+4 * 1
+1 * 1
+3 * 1
+2 * 1
+3 * 1
+2 +1 1
+4 -1 1
+2 * 1
+2 * 1
+1 * 1
+7 * 1
+4 +1 1
+5 -1 1
+4 +1 1
+3 -1 1
+4 +1 1
+2 * 1
+4 -1 1
+4 +1 1
cfi=(8)
cfn=(26)
calls=1 0x1a5e0 368 
* * 20
+5 * 1
+4 +2 1
+7 +1 1
+2 * 1
+3 -1 1
+4 +1 1
+3 +9 1
+3 -12 1
+4 +12 1
+3 * 1
+6 * 1
+2 * 1
+5 +1 1
+4 * 1
+4 * 1
jcnd=1/1 +12 -1 
* * 
-8 * 1
+4 * 1
+4 * 1
+2 +1 1
+4 -1 1
+3 * 1
+3 -1 1
+4 * 1
+3 * 1
+3 * 1
+3 * 1
+3 * 1
-16 * 1
+4 * 1
+3 * 1
+3 * 1
+3 * 1
+3 * 1
jcnd=1/1 -36 +1 
* * 
+2 +10 1
+7 * 1
+3 * 1
jcnd=1/1 0x10f27 +83 
* * 
0x10a2a 193 1
+4 * 1
+3 * 1
+2 +2 1
+3 +1 1
+4 * 1
+4 +1 1
+3 * 1
+4 * 1
+4 * 1
+3 +3 1
+7 +1 1
+8 -1 1
+3 +4 1
+3 * 1
+6 +3 1
+4 * 1
+4 * 1
+4 * 1
+6 * 1
+3 +4 1
+3 * 1
+4 * 1
+5 * 1
+7 * 1
+4 * 1
+4 * 1
+5 +1 1
+4 * 1
+6 +2 1
+5 * 1
+4 +1 1
+4 * 1
jcnd=1/1 0x11076 * 
* * 
0x10b18 +1 1
+4 * 1
+5 -1 1
+4 +1 1
+5 -1 1
+3 * 1
jcnd=1/1 0x1104c +2 
* * 
0x10b9a +9 1
+3 * 1
+3 +6 1
+6 * 1
+2 * 1
+4 * 1
+3 * 1
+3 * 1
+2 * 1
+4 * 1
+6 * 1
+3 * 1
+3 +1 1
+3 * 1
+4 -1 1
+7 +1 1
+5 * 1
cob=(2)
cfi=(18)
cfn=(44)
calls=1 0x40010a0 0 
* * 27
+5 +1 1
+3 * 1
+4 * 1
+6 * 1
+3 -1 1
+3 +1 1
+6 +31 1
+3 * 1
+4 * 1
+2 * 1
+3 * 1
+5 * 1
+3 * 1
+2 * 1
+3 * 1
+3 * 1
+4 +3 1
+4 * 1
+4 * 1
+4 * 1
+6 +7 1
+3 * 1
+5 * 1
+4 +10 1
+7 * 1
+4 * 1
+6 * 1
+4 * 1
+3 * 1
+7 * 1
+3 * 1
+3 * 1
+8 -4 1
+4 * 1
+4 -3 1
+4 +3 1
cfi=(20)
cfn=(78)
calls=1 0x23380 114 
* * 17
-12 * 1
+4 * 1
+4 -3 1
+4 +3 1
cfi=(20)
cfn=(78)
calls=1 0x23380 114 
* * 17
+5 +3 2
+4 -3 2
+3 * 2
+3 * 2
+4 +3 2
jump=2 +15 +1 
* * 
+9 * 1
+4 * 1
jcnd=1/1 +51 +5 
* * 
+2 +1 2
+3 * 2
+3 * 2
+2 * 2
+2 * 2
+3 * 2
jcnd=1/2 -19 -1 
* * 
+2 +1 1
+3 * 1
+4 * 1
+5 * 1
+4 * 1
cfi=(20)
cfn=(78)
calls=1 0x23380 114 
* * 15
+5 * 1
+3 * 1
+4 -2 1
+4 * 1
+2 +5 2
+4 * 2
+3 * 2
cfi=(20)
cfn=(78)
calls=2 0x23380 114 
* * 30
+5 * 2
+3 * 2
+4 +2 2
+3 * 2
jcnd=1/2 0x10c60 -10 
* * 
+2 * 1
+7 * 1
+7 -7 1
+4 * 1
+2 * 1
+5 +13 1
+3 -1 1
+4 +1 1
+4 * 1
+9 -1 1
+3 * 1
jcnd=1/1 -23 +1 
* * 
-23 +1 7
+3 -1 7
+4 +1 7
+4 * 7
+9 -1 7
+3 * 7
jcnd=6/7 -23 +1 
* * 
+2 * 1
+7 * 1
+3 * 1
+2 * 1
+7 +5 1
+5 * 1
+3 * 1
+4 * 1
+4 * 1
+2 * 1
+3 * 1
+3 * 1
+2 * 1
+3 +4 1
+4 * 1
+4 * 1
+3 * 1
-28 -4 2
+4 * 2
+2 * 2
+3 * 2
+3 * 2
+2 * 2
+3 +4 2
+4 * 2
+4 * 2
+3 * 2
-11 * 9
+4 * 9
+4 * 9
+3 * 9
jcnd=5/9 +32 -1 
* * 
+2 +1 12
+4 * 12
+4 -1 12
+4 * 12
+4 +1 12
+5 * 12
+4 -1 12
+3 * 12
jcnd=5/12 -28 +1 
* * 
+2 -1 12
+3 * 12
jcnd=9/12 -46 +1 
* * 
+2 +4 3
+4 * 3
+3 * 3
jcnd=2/3 -72 -7 
* * 
+2 +3 1
+7 +2 1
+4 * 1
+5 -1 1
+4 -1 1
+4 +2 1
+3 -2 1
+3 +2 1
+3 * 1
+3 * 1
+2 -1 1
+3 +1 1
+3 * 1
+2 +2 1
+4 * 1
+3 * 1
-7 * 1
+4 * 1
+3 * 1
jcnd=1/1 0x10f80 +3 
* * 
+6 +1 1
+4 * 1
+4 +3 1
+4 * 1
+4 -6 1
+3 * 1
jcnd=1/1 -32 +2 
* * 
+2 * 1
+3 * 1
+4 * 1
+3 +13 1
+3 * 1
+4 * 1
+2 * 1
+4 * 1
+3 * 1
+4 * 1
+4 +1 1
+4 -1 1
+3 * 1
+4 +3 1
+4 * 1
jcnd=1/1 -19 -3 
* * 
-19 -3 3
+4 +1 3
+4 -1 3
+3 * 3
+4 +3 3
+4 * 3
jcnd=2/3 -19 -3 
* * 
+2 +3 1
+4 * 1
+4 * 1
+3 +3 1
+4 * 1
+3 * 1
+1 * 1
+2 * 1
+2 * 1
+2 * 1
+2 * 1
+1 * 1
+78 148 1
+5 * 1
+3 * 1
+3 * 1
+2 * 1
+6 * 1
+5 * 1
+5 +1 1
+3 -1 1
+4 * 1
+3 +37 1
+3 * 1
+6 * 1
+4 +5 1
+4 * 1
+3 -5 1
+3 +5 1
+3 * 1
+3 * 1
+3 * 1
+3 * 1
+7 -4 1
+3 * 1
+4 * 1
+4 * 1
+4 * 1
jcnd=1/1 0x10f70 -1 
* * 
-15 * 1
+3 * 1
+4 * 1
+4 * 1
+4 * 1
fi=(29) /build/glibc-SzIz7B/glibc-2.31/elf/../sysdeps/x86/dl-hwcap.h
+6 57 1
+3 * 1
+4 * 1
+8 * 1
+7 * 1
+4 * 1
fe=(28)
+3 188 1
+4 +1 1
cfi=(14)
cfn=(30)
calls=1 0x22e20 41 
* * 17
+5 +1 1
+3 * 1
+5 * 1
+3 * 1
+3 * 1
+4 -5 1
+4 +4 1
+5 +1 1
+3 -5 1
+3 * 1
+4 * 1
+4 * 1
+5 * 1
jcnd=1/1 0x10f9a 311 
* * 
+14 -37 1
+3 * 1
+3 * 1
+4 * 1
+4 * 1
+3 * 1
+7 * 1
+3 * 1
+3 * 1
+3 * 1
jcnd=1/1 0x10e5f * 
* * 
+40 +37 1
+4 * 1
jump=1 0x10eb0 +1 
* * 
+12 316 1
+4 +1 1
+4 * 1
+4 -6 1
+3 * 1
+6 * 1
jump=1 0x10dc2 * 
* * 
+5 * 1
+4 * 1
+3 * 1
jump=1 0x10a2a 193 
* * 
0x1104c -94 1
+4 * 1
+6 * 1
+5 * 1
jump=1 0x10b9a +7 
* * 
+27 -2 1
+5 * 1
+5 * 1
jump=1 0x10b18 +1 
* * 

fl=(8)
fn=(14)
0x1a050 287 1
+4 * 1
+2 * 1
+3 * 1
+2 * 1
+2 * 1
+2 * 1
+1 * 1
+1 * 1
+4 -9 1
+6 * 1
+2 * 1
+6 * 1
+3 * 1
+10 67 1
+3 * 1
+6 * 40
+4 * 40
+3 * 40
jcnd=1/40 0x1a19a 362 
* * 
+6 +6 39
+3 -3 39
+4 +3 39
+3 * 39
+6 * 39
+2 * 39
+6 * 39
+5 * 39
+5 * 39
+4 * 39
+3 * 39
+4 * 39
+2 * 39
-13 * 430
+4 * 430
+3 * 430
+4 * 430
+2 * 430
+6 * 469
+3 * 469
jcnd=430/469 -22 * 
* * 
+2 +4 39
+2 * 39
+6 +5 39
+4 * 39
fi=(9) /build/glibc-SzIz7B/glibc-2.31/elf/dl-tunables.h
+7 +37 39
fe=(8)
+5 -37 39
+4 * 39
+5 * 39
+3 * 39
jfi=(9)
jump=39 +39 +37 
* * 
fi=(9)
+12 +38 11
+2 * 11
+2 -1 11
+4 * 11
+4 * 11
+4 * 11
+2 * 11
+6 * 11
+3 * 11
+3 +1 11
+2 * 11
jcnd=8/11 -32 * 
* * 
-5 -1 39
+3 +1 39
+2 * 39
jcnd=3/39 -32 * 
* * 
fe=(8)
+2 328 39
+7 * 39
+7 * 39
+3 * 39
+5 -12 39
+4 * 39
-4 * 975
+4 * 975
+2 * 1014
+4 * 1014
+3 * 1014
jcnd=663/1014 +59 -6 
* * 
fi=(9)
+2 119 351
+4 * 351
+3 * 351
+3 * 351
+2 * 351
+3 * 351
jcnd=351/351 +30 * 
* * 
+10 +1 363
+2 * 363
jfi=(8)
jcnd=351/363 +30 310 
* * 
+2 -1 12
+4 * 12
+4 * 12
+4 * 12
+2 * 12
+2 * 363
+3 +1 363
+2 * 363
jcnd=363/363 -25 * 
* * 
fe=(8)
+7 310 1014
+4 * 1014
+4 * 1014
+4 * 1014
jcnd=975/1014 -84 +6 
* * 
+2 70 39
+3 -3 39
+3 * 39
jcnd=39/39 0x1a089 * 
* * 
+6 362 1
+4 * 1
+1 * 1
+1 * 1
+2 * 1
+2 * 1
+2 * 1
+2 * 1

fn=(26)
0x1a5e0 368 7
+4 +3 7
+2 * 7
+7 * 7
+8 * 7
+3 * 7
+4 * 7
+4 +9 7
+4 -9 7
+4 * 7
jcnd=3/7 +64 +19 
* * 
+2 * 4
+3 * 4
jcnd=4/4 +59 +19 
* * 
+4 +26 7
+8 * 7
+3 * 7
+5 * 7
+8 * 7
jcnd=7/7 +23 +2 
* * 
+23 +2 7
+8 -9 7
+3 +1 7
jump=7 -58 +6 
* * 

fl=(11)
fn=(20)
0x1df40 28 1
+4 +3 1
+5 * 1
+2 * 1
+6 * 1
+2 * 1
+7 +2 1
+3 * 1
+2 +6 1
+2 +1 1

fl=(6)
fn=(10)
0xd0b0 961 4
+4 +3 4
+7 * 4
+3 * 4
+2 +2 4
+4 +2 4
+2 * 4
+6 +2 4
+3 -1 4
+3 +3 4
+4 * 4
+3 * 4
+2 +1 4
+7 +4 4
+2 -3 4
+4 +7 4
+3 -7 4
+3 +3 4
+4 -1 4
+7 +3 4
+7 +2 4
+4 -7 4
+6 +7 4
+7 +5 4

fl=(2)
fn=(54)
0x1160 807 3
+4 +1 3
+4 +1 3

fn=(120) map_doit
0x12c0 606 1
+4 * 1
+1 +2 1
+4 -2 1
+3 +2 1
+2 +1 1
+3 * 1
+4 -1 1
+7 * 1
+3 +1 1
+3 * 1
+2 * 1
cfi=(27)
cfn=(122)
calls=1 0xa460 1927 
* * 2829
+5 * 1
+4 +2 1
+1 * 1

fn=(2)
0x1df0 463 1
+4 * 1
+1 * 1
+3 * 1
+2 * 1
+3 * 1
+2 * 1
+2 * 1
+2 * 1
+1 * 1
+4 66 1
+2 * 1
+4 * 1
fi=(5) /build/glibc-SzIz7B/glibc-2.31/elf/../sysdeps/x86_64/dl-machine.h
+3 -7 1
fe=(2)
+7 +7 1
fi=(3)
+7 -18 1
fi=(5)
+7 +11 1
+3 * 1
fe=(2)
+7 507 1
+7 -3 1
fi=(3)
+7 48 1
+3 * 1
+2 +15 1
+5 +5 1
+6 +3 1
+5 +1 1
+6 +1 1
+7 -4 1
+6 -2 1
+6 -3 1
+6 * 1
jump=1 +45 -14 
* * 
+6 -1 5
+3 * 5
+3 * 5
+4 * 5
jcnd=1/5 0x2070 +2 
* * 
+6 +1 4
+3 * 4
+3 * 4
+4 -16 4
+4 +26 4
+4 -26 4
+3 * 4
jcnd=1/4 +25 +33 
* * 
+2 +2 18
+4 * 18
jcnd=5/18 -43 +13 
* * 
+2 +23 13
+4 -25 13
+4 +26 13
+4 -26 13
+3 * 13
jcnd=13/13 -21 +2 
* * 
-11 * 1
+4 +26 1
+4 -26 1
+3 * 1
jcnd=1/1 -21 +2 
* * 
+2 +33 1
+3 * 1
+6 +20 1
+7 * 1
+3 * 1
+2 * 1
+4 +1 1
+7 * 1
+3 * 1
+2 * 1
+4 +1 1
+7 * 1
+3 * 1
+2 * 1
+4 +1 1
+7 * 1
+3 * 1
+2 * 1
+4 +2 1
+7 * 1
+3 * 1
+2 * 1
+4 +5 1
+7 * 1
+3 * 1
+2 * 1
+4 +1 1
+7 * 1
+3 * 1
+2 * 1
+4 +1 1
+7 * 1
+3 * 1
+2 * 1
+4 +5 1
+7 * 1
+3 * 1
+2 +5 1
+5 * 1
+6 +7 1
+7 * 1
+3 * 1
+2 +1 1
+7 * 1
+5 * 1
+6 +8 1
+7 * 1
+3 * 1
jcnd=1/1 +16 +3 
* * 
+16 +3 1
+7 * 1
+3 * 1
jcnd=1/1 +16 +4 
* * 
+16 +4 1
+8 * 1
+6 +1 1
+8 * 1
fe=(2)
+6 518 1
+3 * 1
jcnd=1/1 0x20b0 +5 
* * 
+20 +7 1
+7 66 1
+2 430 1
+7 66 1
+4 * 1
+3 * 1
+7 430 1
cfi=(6)
cfn=(10)
calls=1 0xd0b0 961 
* * 24
+5 +1 1
+7 +18 1
+3 * 1
+7 -18 1
+7 +1 1
+7 * 1
+7 +1 1
+7 * 1
+7 +1 1
+7 * 1
+7 +9 1
+7 +6 1
cfi=(7)
cfn=(12)
calls=1 0x1c700 89 
* * 36908
fi=(3)
+41 65 1
+3 * 1
+3 * 1
+3 * 1
+3 * 1
jcnd=1/1 +20 +3 
* * 
+20 +3 1
+3 * 1
+3 * 1
+4 * 1
jcnd=1/1 0x2210 +3 
* * 
fe=(2)
+22 523 1
+3 * 1
+6 * 1
+4 * 1
+7 * 1
+7 * 1
+4 * 1
+3 * 1
+3 * 1
+4 * 1
+3 * 1
+2 * 1
+4 * 1
+4 * 1
+4 * 1
+3 * 1
+2 * 1
+7 * 1
+7 * 1
+3 * 1
+4 * 1
+4 * 1
+3 * 1
+3 * 1
+3 * 1
fi=(4) /build/glibc-SzIz7B/glibc-2.31/elf/do-rel.h
+4 84 1
+7 -1 1
+4 +28 1
+3 * 1
+2 * 1
+3 +1 1
+3 * 1
fi=(5)
+3 541 1
+4 * 1
fi=(4)
-10 112 41
+3 * 41
fi=(5)
+3 541 41
+4 * 41
+6 +1 42
fi=(4)
+4 111 42
fi=(5)
+4 542 42
+3 * 42
fi=(4)
+3 111 42
+3 * 42
jcnd=41/42 -33 +1 
* * 
+2 +5 1
+8 * 1
fi=(5)
+6 421 1
fi=(4)
+7 124 1
+3 * 1
jcnd=1/1 +36 +12 
* * 
fi=(5)
+13 333 9
+4 * 9
jcnd=9/9 0x2260 +20 
* * 
fi=(4)
+6 124 9
+4 * 9
+3 * 9
jfi=(2)
jcnd=1/9 0x1fdb 525 
* * 
+6 +12 9
+4 +3 9
+3 -3 9
fi=(5)
+3 301 9
fi=(4)
+3 139 9
+3 -3 9
+4 +1 9
+4 * 9
fi=(5)
+4 301 9
+4 * 9
+2 +8 9
+2 * 9
+3 * 9
+2 * 9
+5 * 9
+5 * 9
+4 * 9
+4 * 9
+5 * 9
+6 * 9
+7 +3 9
+4 * 9
+6 +21 9
+4 * 9
+6 * 9
+2 * 9
+7 * 9
jcnd=9/9 0x2170 * 
* * 
fi=(3)
+31 71 1
+3 * 1
+3 * 1
+4 * 1
+6 +1 1
+3 * 1
+3 * 1
+3 +1 1
+4 * 1
jump=1 0x1ea9 -25 
* * 
fi=(5)
+51 353 9
+4 * 9
+3 +1 9
jfi=(4)
jump=9 0x217a 124 
* * 
fe=(2)

fn=(52)
0x1150 801 3
+4 +1 3
+4 +1 3

fn=(34)
0x25e0 1090 1
+4 * 1
+1 +12 1
+7 -12 1
+3 * 1
+2 * 1
+2 * 1
+2 * 1
+3 * 1
+2 * 1
+3 * 1
+1 * 1
+7 * 1
+7 +12 1
+7 +4 1
+7 * 1
+5 -16 1
+6 +22 1
+7 -22 1
+7 +16 1
+7 +6 1
+7 -6 1
+5 2533 1
+7 +7 1
+6 1106 1
+4 2535 1
+10 -2 1
+7 +7 1
+7 * 1
+2 * 1
+4 1106 1
+7 2540 1
+4 -4 1
+3 +4 1
+7 +2 1
+7 * 1
+7 * 1
+7 * 1
cfi=(16)
cfn=(36)
calls=1 0x1d3c0 28 
* * 61
-7 * 2
+7 * 2
cfi=(16)
cfn=(36)
calls=2 0x1d3c0 28 
* * 210
+5 * 3
+3 * 3
+3 * 3
jcnd=1/3 +65 2704 
* * 
+2 +4 2
+3 * 2
+3 * 2
+2 -2 2
+2 +2 2
+2 * 2
jcnd=2/2 +13 +1 
* * 
+8 * 19
+3 * 19
jcnd=2/19 +20 +9 
* * 
+2 +1 19
+4 -1 19
+5 * 19
+2 * 19
jcnd=19/19 -16 * 
* * 
+7 +9 2
+4 * 2
+4 * 2
+2 * 2
+4 * 2
+3 * 2
jump=1 0x2c07 +21 
* * 
jump=1 0x2ae9 +76 
* * 
+3 2704 1
+7 * 1
+3 * 1
+6 +32 1
+7 * 1
+3 * 1
jcnd=1/1 +11 1122 
* * 
+11 1122 1
+7 * 1
+4 * 1
jcnd=1/1 0x2d13 1330 
* * 
0x2ae9 2631 1
+6 * 1
+2 * 1
+6 +1 1
+10 * 1
+3 * 1
jcnd=1/1 0x4a3f * 
* * 
0x2c07 -56 1
+7 * 1
+6 +7 1
+7 * 1
jcnd=1/1 0x49a0 * 
* * 
0x2d13 1330 1
+7 * 1
+3 * 1
+2 * 1
+2 * 1
+6 * 1
+3 * 1
cfi=(17)
cfn=(38)
calls=1 0xd210 59 
* * 231
+5 * 1
+3 +2 1
+3 * 1
+6 +1 1
+7 +1 1
+7 +5 1
+2 * 1
+3 -5 1
+8 +1 1
+4 * 1
+7 +4 1
cfi=(17)
cfn=(50)
calls=1 0xd170 31 
* * 35
+5 +1 1
+7 * 1
+6 1099 1
+7 1369 1
+6 -5 1
+8 -2 1
+11 +4 1
+8 +3 1
+8 -5 1
+8 +5 1
+3 * 1
+4 * 1
+7 * 1
+3 * 1
+6 +56 1
+7 1096 1
+3 1425 1
+3 -15 1
+3 * 1
+7 -22 1
+7 +22 1
+3 +15 1
+3 * 1
+7 * 1
+7 -55 1
+2 * 1
+3 * 1
-5 * 8
+2 * 8
+3 * 8
jcnd=3/8 0x3840 * 
* * 
+6 * 6
+2 * 6
+2 * 6
+3 * 6
+2 * 6
+4 * 6
+3 * 6
jfi=(21)
jump=1 0x35cd 59 
* * 
jump=1 0x378a +9 
* * 
jump=2 0x37ab +55 
* * 
jump=1 0x371e +28 
* * 
jump=1 0x381a +4 
* * 
+35 -1 4
+4 * 4
+7 * 4
jcnd=4/4 -73 +1 
* * 
+2 1478 1
+7 * 1
+3 * 1
+7 * 1
+7 * 1
+7 * 1
+3 * 1
jcnd=1/1 +12 +3 
* * 
+12 +3 1
+3 * 1
jcnd=1/1 +13 +2 
* * 
+13 +2 1
+3 * 1
+6 +2 1
+7 * 1
+3 * 1
+6 +13 1
+7 * 1
+3 * 1
+2 +3 1
+4 * 1
+7 -2 1
+3 +2 1
+4 -2 1
+3 * 1
cfi=(22)
cfn=(58)
calls=1 0x1f600 111 
* * 50
+5 * 1
+2 * 1
+2 +7 1
+11 +3 1
+5 -5 1
+7 +3 1
+10 +2 1
+6 +1 1
+7 * 1
+4 +4 1
+7 * 1
+6 +2 1
+7 * 1
fi=(3)
+6 33 1
+4 +9 1
+3 * 1
+6 +6 1
+3 -2 1
+4 +2 1
+3 * 1
+2 +15 1
+6 +5 1
+6 +4 1
+5 -1 1
+6 -2 1
+6 -5 1
+6 * 1
jump=1 +41 -14 
* * 
+2 -1 6
+3 * 6
+3 * 6
+4 * 6
jcnd=1/6 0x3dd6 +2 
* * 
+6 +1 5
+3 * 5
+3 * 5
+4 -16 5
+4 +26 5
+4 -26 5
+3 * 5
jcnd=1/5 +25 +33 
* * 
+2 +2 37
+4 * 37
jcnd=6/37 -43 +13 
* * 
+2 +23 32
+4 -25 32
+4 +26 32
+4 -26 32
+3 * 32
jcnd=32/32 -21 +2 
* * 
+2 +33 1
+3 * 1
+3 * 1
+2 +20 1
+4 * 1
+3 * 1
jcnd=1/1 +6 +1 
* * 
+6 +1 1
+4 * 1
+3 * 1
+2 * 1
+4 +1 1
+4 * 1
+3 * 1
+2 * 1
+4 +1 1
+4 * 1
+3 * 1
+2 * 1
+4 +2 1
+4 * 1
+3 * 1
+2 * 1
+4 +5 1
+7 * 1
+3 * 1
+2 * 1
+4 +1 1
+7 * 1
+3 * 1
+2 * 1
+4 +1 1
+7 * 1
+3 * 1
+2 * 1
+4 +5 1
+7 * 1
+3 * 1
+2 +5 1
+5 * 1
+6 +7 1
+5 * 1
+2 +1 1
+7 * 1
+5 * 1
+6 +18 1
+7 * 1
+3 * 1
+2 +5 1
+4 * 1
+7 +2 1
+3 * 1
jcnd=1/1 +9 +2 
* * 
+9 +2 1
+3 * 1
jcnd=1/1 +9 +2 
* * 
+9 +2 1
+3 * 1
jcnd=1/1 0x41f2 +1 
* * 
+6 +3 1
+7 * 1
+3 * 1
+2 +2 1
+4 * 1
+7 * 1
+2 +1 1
+2 * 1
jcnd=1/1 +10 +9 
* * 
+10 +9 1
+7 * 1
+6 +5 1
+3 * 1
jcnd=1/1 0x41df +1 
* * 
+6 +3 1
+8 * 1
+2 +2 1
fe=(2)
+11 1521 1
+3 * 1
cfi=(6)
cfn=(10)
calls=1 0xd0b0 961 
* * 24
+5 +3 1
+7 * 1
fi=(23) /build/glibc-SzIz7B/glibc-2.31/elf/./setup-vdso.h
+6 24 1
+8 * 1
jfi=(24) /build/glibc-SzIz7B/glibc-2.31/elf/../sysdeps/unix/sysv/linux/dl-vdso.h
jcnd=1/1 0x38f1 +16 
* * 
fi=(21)
0x35cd +35 1
+8 * 1
+6 * 1
+5 * 1
jfi=(2)
jcnd=1/1 0x2e32 1369 
* * 
fe=(2)
0x371e 1398 1
+7 -9 1
+3 +27 1
+6 -27 1
+4 +2 1
+7 -3 1
+3 +10 1
+3 * 1
jcnd=1/1 0x2e32 -29 
* * 
+75 -19 1
+3 * 1
+4 -10 1
+4 +10 1
+4 -10 1
+7 * 1
jcnd=1/1 0x2df4 +1 
* * 
+11 +56 2
+4 * 2
+7 -1 2
+3 +1 2
+3 -1 2
+3 +2 2
+7 * 2
jcnd=1/2 +9 +4 
* * 
+2 +1 1
+7 +3 1
+4 * 1
+3 +1 1
+7 * 1
-14 -1 1
+4 * 1
+3 +1 1
+7 * 1
+2 +1 2
+7 +1 2
+4 * 2
jcnd=1/2 0x2e32 -64 
* * 
+6 * 1
+7 * 1
+6 +1 1
+7 -65 1
+4 * 1
+7 * 1
jcnd=1/1 0x2df4 +1 
* * 
+11 +5 1
+3 * 1
+4 -5 1
+4 +5 1
+3 -5 1
+7 * 1
jcnd=1/1 0x2df4 +1 
* * 
+17 +1 3
+6 * 3
jcnd=1/3 0x3df2 +91 
* * 
+6 * 2
+6 * 2
jcnd=1/2 0x2e32 -1 
* * 
+6 +95 1
+5 * 1
+5 -96 1
+4 +96 1
+5 * 1
+8 -96 1
+7 * 1
+6 * 1
jump=1 0x2e3f 1478 
* * 
fi=(24)
0x38f1 40 1
+7 +1 1
+3 * 1
jfi=(25) /build/glibc-SzIz7B/glibc-2.31/elf/../sysdeps/unix/sysv/linux/dl-vdso-setup.h
jcnd=1/1 0x4b35 -11 
* * 
fi=(25)
0x3cbb +4 1
fe=(2)
+7 1549 1
+7 * 1
cfi=(10)
cfn=(68)
calls=1 0x1d1e0 46 
* * 88
+5 * 1
+2 * 1
+2 * 1
+6 * 1
+2 * 1
+6 * 1
+6 * 1
+5 * 1
jcnd=1/1 0x3e62 +5 
* * 
fi=(3)
0x3dd6 65 1
+3 * 1
+2 * 1
+2 * 1
+3 * 1
jcnd=1/1 +49 +3 
* * 
fe=(2)
+18 1461 1
+3 -92 1
+4 +92 1
+6 -92 1
+7 * 1
jcnd=1/1 0x2df4 +1 
* * 
fi=(3)
+11 68 1
+3 * 1
+3 * 1
+4 * 1
+6 +3 1
+3 * 1
+3 * 1
+4 * 1
+6 +1 1
+3 * 1
+3 * 1
+3 * 1
jump=1 0x2f77 +1 
* * 
fe=(2)
+40 1554 1
+7 * 1
cfi=(27)
cfn=(72)
calls=1 0xa050 681 
* * 6130
+5 +3 1
+7 * 1
+2 * 1
cfi=(34)
cfn=(100)
calls=1 0x121f0 46 
* * 18
+5 +7 1
+8 -7 1
+7 +2 1
+7 +5 1
jcnd=1/1 0x41fe +3 
* * 
+6 +4 1
+7 +3 1
+7 -3 1
+3 * 1
+3 * 1
+6 +1 1
+7 * 1
+4 +3 1
+8 +5 1
+8 -7 1
+7 +7 1
jcnd=1/1 0x41c7 +1 
* * 
+6 +18 1
+8 * 1
+6 +1 1
+8 * 1
+6 +5 1
+7 -3 1
+7 * 1
+7 +2 1
+7 +1 1
+8 * 1
+7 +5 1
+3 * 1
+5 * 1
jump=1 +25 * 
* * 
+2 +1 1
+3 * 1
+4 * 1
+4 * 1
+6 * 1
jcnd=1/1 0x4192 +2 
* * 
+6 -1 1
+3 * 1
jcnd=1/1 -26 +1 
* * 
+16 +15 1
+8 * 1
+7 * 1
+6 +1 1
+3 -2 1
+7 +2 1
+7 * 1
+3 * 1
+6 +18 1
cfi=(35)
cfn=(102)
calls=1 0x14460 108 
* * 6
+5 * 1
+7 +8 1
+7 * 1
+3 * 1
+2 +3 1
+7 * 1
+4 +4 1
+7 * 1
+3 * 1
jcnd=1/1 +13 +5 
* * 
+13 +5 1
+7 * 1
+7 +1 1
cfi=(34)
cfn=(104)
calls=1 0x121e0 73 
* * 2
+5 +1 1
+1 +4 1
+6 * 1
+2 * 1
+6 +16 1
+7 * 1
+4 * 1
+6 +2 1
+3 +2 1
+8 * 1
jcnd=1/1 0x61ad 66 
* * 
+6 +8 1
+8 * 1
+6 +15 1
+5 * 1
+7 * 1
cfi=(48) /build/glibc-SzIz7B/glibc-2.31/io/../sysdeps/unix/sysv/linux/access.c
cfn=(150) access
calls=1 0x1edf0 25 
* * 9
+5 * 1
+2 * 1
+6 +76 1
+7 * 1
+3 * 1
+3 * 1
jcnd=1/1 0x626c +4 
* * 
+6 66 1
+2 1805 1
+2 66 1
+3 * 1
+4 1805 1
+3 66 1
+3 1805 1
+7 * 1
+3 * 1
+3 * 1
+3 * 1
+2 * 1
cfi=(49)
cfn=(152)
calls=1 0xf520 159 
* * 7160
0x4192 1609 1
+5 * 1
+5 +6 1
+8 -6 1
+5 * 1
+7 +6 1
jcnd=1/1 0x3f55 +6 
* * 
+23 -37 1
+2 * 1
+4 * 1
+3 * 1
+3 * 1
+7 * 1
jump=1 0x3eda +17 
* * 
fi=(3)
+5 181 1
+7 * 1
+7 * 1
jump=1 0x30a4 +2 
* * 
+5 -20 1
+7 * 1
jump=1 0x3069 +2 
* * 
fe=(2)
+5 1567 1
+7 * 1
+3 * 1
+7 * 1
jump=1 0x3e98 +1 
* * 
0x49a0 2583 1
+7 * 1
+6 * 1
+5 * 1
+6 +2 1
+4 * 1
+7 +1 1
jump=1 0x2698 -44 
* * 
0x4a3f +46 1
+8 * 1
+6 +2 1
+4 * 1
+7 +1 1
jump=1 0x2698 -93 
* * 
fi=(25)
0x4b35 30 1
+7 * 1
+11 * 1
+7 * 1
+4 * 1
+7 +3 1
+11 +3 1
+11 +3 1
fi=(24)
+11 +16 1
+2 * 1
jfi=(25)
jump=1 0x3cbb -10 
* * 
fe=(2)
0x61ad +11 1
+2 1690 1
+7 66 1
+4 * 1
+3 1690 1
+3 66 1
+3 1690 1
+7 * 1
cfn=(106) handle_preload_list
calls=1 0x2410 858 
* * 3298
+5 * 1
+3 73 1
+2 * 1
+4 * 1
+3 +9 1
+3 * 1
+7 * 1
jump=1 0x4002 1694 
* * 
0x626c 1789 1
+3 * 1
+3 * 1
+8 * 1
+4 * 1
+4 * 1
+3 * 1
+7 * 1
+3 * 1
+3 * 1
+3 * 1
jcnd=1/1 +23 * 
* * 
+23 * 1
+5 * 1
+3 * 1
+3 * 1
+2 * 1
+6 * 1
+5 +1 1
+2 -1 1
+4 +4 1
+2 * 1
+3 * 1
+4 +1 1
+4 +1 1
+3 * 1
+2 +1 1
+3 * 1
+6 -7 1
+3 * 1
jump=1 0x403c 66 
* * 

fn=(106)
0x2410 858 1
+4 * 1
+2 * 1
+2 * 1
+2 * 1
+2 * 1
+1 * 1
+1 * 1
+7 * 1
+5 * 1
+4 +5 1
+3 * 1
+6 * 1
+3 * 1
+3 * 1
+3 -4 1
+3 +10 1
+5 * 1
jump=1 +17 -3 
* * 
+17 -3 1
+7 * 1
+3 * 1
cfi=(36)
cfn=(108)
calls=1 0x232d0 28 
* * 273
+5 * 1
+3 +1 1
+4 * 1
+6 * 1
jcnd=1/1 0x2520 +2 
* * 
+11 +9 1
+3 168 1
+6 878 1
+3 * 1
+4 168 1
+2 * 1
+6 880 1
+5 * 1
+2 780 1
+5 * 1
+5 -10 1
+9 +8 1
+6 +2 1
+5 * 1
+5 -6 1
+5 +6 1
+7 -5 1
+5 +1 1
+8 +4 1
cob=(2)
cfi=(18)
cfn=(110)
calls=1 0x40010f0 0 
* * 2930
+5 +1 1
+5 * 1
+3 * 1
+6 +8 1
+2 * 1
+6 * 1
+3 * 1
+3 +74 1
+3 * 1
+6 +21 1
+7 * 1
+3 * 1
+1 * 1
+1 * 1
+2 * 1
+2 * 1
+2 * 1
+2 * 1
+7 -15 1
+3 * 1
+3 * 1
+3 * 1
cfi=(20)
cfn=(48)
calls=1 0x23390 127 
* * 27
+5 +1 1
+5 * 1
jump=1 0x2480 +6 
* * 

fl=(39)
fn=(124)
0x12b90 282 9
+4 * 9
+1 * 9
+3 * 9
+1 * 9
+3 * 9
+4 +1 9
+4 * 9
cfi=(22)
cfn=(58)
calls=9 0x1f600 111 
* * 284
+5 * 9
+3 +1 9
+5 -1 9
+3 * 9
+2 +3 9
+4 +2 9
+3 * 9
jcnd=9/9 +20 +1 
* * 
+11 +4 12
+4 -4 12
+3 * 12
jcnd=9/12 +33 +7 
* * 
+2 +1 12
+3 * 12
+3 * 12
cfi=(22)
cfn=(58)
calls=12 0x1f600 111 
* * 359
+5 * 12
+2 * 12
jcnd=12/12 -22 +3 
* * 
+18 +6 9
+4 -1 9
+2 +1 9
+1 * 9
+1 * 9

fl=(48)
fn=(150)
0x1edf0 25 1
+4 +2 1
+5 * 1
+2 * 1
+6 * 1
jcnd=1/1 +7 * 
* * 
+7 * 1
+2 * 1
+6 * 1
+5 +4 1

fl=(37)
fn=(112)
0x1dd40 225 1
+4 * 1
+2 * 1
+3 * 1
+1 * 1
+3 * 1
+3 * 1
+1 * 1
+3 * 1
+3 * 1
+4 +2 1
+3 * 1
cob=(2)
cfi=(18)
cfn=(114)
calls=1 0x4001090 0 
* * 2905
+5 +1 1
+4 * 1
+4 +1 1
+5 +1 1
+5 -1 1
+4 +1 1
+3 +2 1
+4 * 1
+1 * 1
+1 * 1
+2 * 1

fn=(116)
0x1dc50 175 3
+4 * 3
+2 * 3
+7 * 3
+7 * 3
+4 * 3
+5 * 3
+5 * 3
+5 +3 3
+3 * 3
+2 +22 3
+5 -1 3
+5 +7 3
+2 * 3
+5 -6 3
+5 +3 3
+5 * 3
+7 +3 3
cfi=(38)
cfn=(118)
calls=3 0x1f2f0 30 
* * 72
+5 * 3
+4 * 3
+3 * 3
+2 * 3
+2 +2 3
+5 * 3
+5 * 3
cfi=(49)
cfn=(156)
calls=2 0xf4e0 61 
* * 6613
cfi=(2)
cfn=(120)
calls=1 0x12c0 606 
* * 2844
+2 +2 2
+4 -1 2
+5 +1 2
+4 -1 2
+7 +1 2
+8 * 2
+3 +9 2
+7 * 2
+3 * 2
+2 * 2

totals: 37982
